n	∆_{(n)}
 	p_{n+1} - p_n
1	2
1	1
2	2
3	2
4	4
5	2
6	4
7	2
8	4
9	6
10	2
11	6
12	4
13	2
14	4
15	6
16	6
17	2
18	6
19	4
20	2
21	6
22	4
23	6
24	8
25	4
26	2
27	4
28	2
29	4
30	14
31	4
32	6
33	2
34	10
35	2
36	6
37	6
38	4
39	6
40	6
41	2
42	10
43	2
44	4
45	2
46	12
47	12
48	4
49	2
50	4
51	6
52	2
53	10
54	6
55	6
56	6
57	2
58	6
59	4
60	2
61	10
62	14
63	4
64	2
65	4
66	14
67	6
68	10
69	2
70	4
71	6
72	8
73	6
74	6
75	4
76	6
77	8
78	4
79	8
80	10
81	2
82	10
83	2
84	6
85	4
86	6
87	8
88	4
89	2
90	4
91	12
92	8
93	4
94	8
95	4
96	6
97	12
98	2
99	18
100	6
101	10
102	6
103	6
104	2
105	6
106	10
107	6
108	6
109	2
110	6
111	6
112	4
113	2
114	12
115	10
116	2
117	4
118	6
119	6
120	2
121	12
122	4
123	6
124	8
125	10
126	8
127	10
128	8
129	6
130	6
131	4
132	8
133	6
134	4
135	8
136	4
137	14
138	10
139	12
140	2
141	10
142	2
143	4
144	2
145	10
146	14
147	4
148	2
149	4
150	14
151	4
152	2
153	4
154	20
155	4
156	8
157	10
158	8
159	4
160	6
161	6
162	14
163	4
164	6
165	6
166	8
167	6
168	12
169	4
170	6
171	2
172	10
173	2
174	6
175	10
176	2
177	10
178	2
179	6
180	18
181	4
182	2
183	4
184	6
185	6
186	8
187	6
188	6
189	22
190	2
191	10
192	8
193	10
194	6
195	6
196	8
197	12
198	4
199	6
200	6
201	2
202	6
203	12
204	10
205	18
206	2
207	4
208	6
209	2
210	6
211	4
212	2
213	4
214	12
215	2
216	6
217	34
218	6
219	6
220	8
221	18
222	10
223	14
224	4
225	2
226	4
227	6
228	8
229	4
230	2
231	6
232	12
233	10
234	2
235	4
236	2
237	4
238	6
239	12
240	12
241	8
242	12
243	6
244	4
245	6
246	8
247	4
248	8
249	4
250	14
251	4
252	6
253	2
254	4
255	6
256	2
257	6
258	10
259	20
260	6
261	4
262	2
263	24
264	4
265	2
266	10
267	12
268	2
269	10
270	8
271	6
272	6
273	6
274	18
275	6
276	4
277	2
278	12
279	10
280	12
281	8
282	16
283	14
284	6
285	4
286	2
287	4
288	2
289	10
290	12
291	6
292	6
293	18
294	2
295	16
296	2
297	22
298	6
299	8
300	6
301	4
302	2
303	4
304	8
305	6
306	10
307	2
308	10
309	14
310	10
311	6
312	12
313	2
314	4
315	2
316	10
317	12
318	2
319	16
320	2
321	6
322	4
323	2
324	10
325	8
326	18
327	24
328	4
329	6
330	8
331	16
332	2
333	4
334	8
335	16
336	2
337	4
338	8
339	6
340	6
341	4
342	12
343	2
344	22
345	6
346	2
347	6
348	4
349	6
350	14
351	6
352	4
353	2
354	6
355	4
356	6
357	12
358	6
359	6
360	14
361	4
362	6
363	12
364	8
365	6
366	4
367	26
368	18
369	10
370	8
371	4
372	6
373	2
374	6
375	22
376	12
377	2
378	16
379	8
380	4
381	12
382	14
383	10
384	2
385	4
386	8
387	6
388	6
389	4
390	2
391	4
392	6
393	8
394	4
395	2
396	6
397	10
398	2
399	10
400	8
401	4
402	14
403	10
404	12
405	2
406	6
407	4
408	2
409	16
410	14
411	4
412	6
413	8
414	6
415	4
416	18
417	8
418	10
419	6
420	6
421	8
422	10
423	12
424	14
425	4
426	6
427	6
428	2
429	28
430	2
431	10
432	8
433	4
434	14
435	4
436	8
437	12
438	6
439	12
440	4
441	6
442	20
443	10
444	2
445	16
446	26
447	4
448	2
449	12
450	6
451	4
452	12
453	6
454	8
455	4
456	8
457	22
458	2
459	4
460	2
461	12
462	28
463	2
464	6
465	6
466	6
467	4
468	6
469	2
470	12
471	4
472	12
473	2
474	10
475	2
476	16
477	2
478	16
479	6
480	20
481	16
482	8
483	4
484	2
485	4
486	2
487	22
488	8
489	12
490	6
491	10
492	2
493	4
494	6
495	2
496	6
497	10
498	2
499	12
500	10
501	2
502	10
503	14
504	6
505	4
506	6
507	8
508	6
509	6
510	16
511	12
512	2
513	4
514	14
515	6
516	4
517	8
518	10
519	8
520	6
521	6
522	22
523	6
524	2
525	10
526	14
527	4
528	6
529	18
530	2
531	10
532	14
533	4
534	2
535	10
536	14
537	4
538	8
539	18
540	4
541	6
542	2
543	4
544	6
545	2
546	12
547	4
548	20
549	22
550	12
551	2
552	4
553	6
554	6
555	2
556	6
557	22
558	2
559	6
560	16
561	6
562	12
563	2
564	6
565	12
566	16
567	2
568	4
569	6
570	14
571	4
572	2
573	18
574	24
575	10
576	6
577	2
578	10
579	2
580	10
581	2
582	10
583	6
584	2
585	10
586	2
587	10
588	6
589	8
590	30
591	10
592	2
593	10
594	8
595	6
596	10
597	18
598	6
599	12
600	12
601	2
602	18
603	6
604	4
605	6
606	6
607	18
608	2
609	10
610	14
611	6
612	4
613	2
614	4
615	24
616	2
617	12
618	6
619	16
620	8
621	6
622	6
623	18
624	16
625	2
626	4
627	6
628	2
629	6
630	6
631	10
632	6
633	12
634	12
635	18
636	2
637	6
638	4
639	18
640	8
641	24
642	4
643	2
644	4
645	6
646	2
647	12
648	4
649	14
650	30
651	10
652	6
653	12
654	14
655	6
656	10
657	12
658	2
659	4
660	6
661	8
662	6
663	10
664	2
665	4
666	14
667	6
668	6
669	4
670	6
671	2
672	10
673	2
674	16
675	12
676	8
677	18
678	4
679	6
680	12
681	2
682	6
683	6
684	6
685	28
686	6
687	14
688	4
689	8
690	10
691	8
692	12
693	18
694	4
695	2
696	4
697	24
698	12
699	6
700	2
701	16
702	6
703	6
704	14
705	10
706	14
707	4
708	30
709	6
710	6
711	6
712	8
713	6
714	4
715	2
716	12
717	6
718	4
719	2
720	6
721	22
722	6
723	2
724	4
725	18
726	2
727	4
728	12
729	2
730	6
731	4
732	26
733	6
734	6
735	4
736	8
737	10
738	32
739	16
740	2
741	6
742	4
743	2
744	4
745	2
746	10
747	14
748	6
749	4
750	8
751	10
752	6
753	20
754	4
755	2
756	6
757	30
758	4
759	8
760	10
761	6
762	6
763	8
764	6
765	12
766	4
767	6
768	2
769	6
770	4
771	6
772	2
773	10
774	2
775	16
776	6
777	20
778	4
779	12
780	14
781	28
782	6
783	20
784	4
785	18
786	8
787	6
788	4
789	6
790	14
791	6
792	6
793	10
794	2
795	10
796	12
797	8
798	10
799	2
800	10
801	8
802	12
803	10
804	24
805	2
806	4
807	8
808	6
809	4
810	8
811	18
812	10
813	6
814	6
815	2
816	6
817	10
818	12
819	2
820	10
821	6
822	6
823	6
824	8
825	6
826	10
827	6
828	2
829	6
830	6
831	6
832	10
833	8
834	24
835	6
836	22
837	2
838	18
839	4
840	8
841	10
842	30
843	8
844	18
845	4
846	2
847	10
848	6
849	2
850	6
851	4
852	18
853	8
854	12
855	18
856	16
857	6
858	2
859	12
860	6
861	10
862	2
863	10
864	2
865	6
866	10
867	14
868	4
869	24
870	2
871	16
872	2
873	10
874	2
875	10
876	20
877	4
878	2
879	4
880	8
881	16
882	6
883	6
884	2
885	12
886	16
887	8
888	4
889	6
890	30
891	2
892	10
893	2
894	6
895	4
896	6
897	6
898	8
899	6
900	4
901	12
902	6
903	8
904	12
905	4
906	14
907	12
908	10
909	24
910	6
911	12
912	6
913	2
914	22
915	8
916	18
917	10
918	6
919	14
920	4
921	2
922	6
923	10
924	8
925	6
926	4
927	6
928	30
929	14
930	10
931	2
932	12
933	10
934	2
935	16
936	2
937	18
938	24
939	18
940	6
941	16
942	18
943	6
944	2
945	18
946	4
947	6
948	2
949	10
950	8
951	10
952	6
953	6
954	8
955	4
956	6
957	2
958	10
959	2
960	12
961	4
962	6
963	6
964	2
965	12
966	4
967	14
968	18
969	4
970	6
971	20
972	4
973	8
974	6
975	4
976	8
977	4
978	14
979	6
980	4
981	14
982	12
983	4
984	2
985	30
986	4
987	24
988	6
989	6
990	12
991	12
992	14
993	6
994	4
995	2
996	4
997	18
998	6
999	12
1000	8
1001	6
1002	4
1003	12
1004	2
1005	12
1006	30
1007	16
1008	2
1009	6
1010	22
1011	14
1012	6
1013	10
1014	12
1015	6
1016	2
1017	4
1018	8
1019	10
1020	6
1021	6
1022	24
1023	14
1024	6
1025	4
1026	8
1027	12
1028	18
1029	10
1030	2
1031	10
1032	2
1033	4
1034	6
1035	20
1036	6
1037	4
1038	14
1039	4
1040	2
1041	4
1042	14
1043	6
1044	12
1045	24
1046	10
1047	6
1048	8
1049	10
1050	2
1051	30
1052	4
1053	6
1054	2
1055	12
1056	4
1057	14
1058	6
1059	34
1060	12
1061	8
1062	6
1063	10
1064	2
1065	4
1066	20
1067	10
1068	8
1069	16
1070	2
1071	10
1072	14
1073	4
1074	2
1075	12
1076	6
1077	16
1078	6
1079	8
1080	4
1081	8
1082	4
1083	6
1084	8
1085	6
1086	6
1087	12
1088	6
1089	4
1090	6
1091	6
1092	8
1093	18
1094	4
1095	20
1096	4
1097	12
1098	2
1099	10
1100	6
1101	2
1102	10
1103	12
1104	2
1105	4
1106	20
1107	6
1108	30
1109	6
1110	4
1111	8
1112	10
1113	12
1114	6
1115	2
1116	28
1117	2
1118	6
1119	4
1120	2
1121	16
1122	12
1123	2
1124	6
1125	10
1126	8
1127	24
1128	12
1129	6
1130	18
1131	6
1132	4
1133	14
1134	6
1135	4
1136	12
1137	8
1138	6
1139	12
1140	4
1141	6
1142	12
1143	6
1144	12
1145	2
1146	16
1147	20
1148	4
1149	2
1150	10
1151	18
1152	8
1153	4
1154	14
1155	4
1156	2
1157	6
1158	22
1159	6
1160	14
1161	6
1162	6
1163	10
1164	6
1165	2
1166	10
1167	2
1168	4
1169	2
1170	22
1171	2
1172	4
1173	6
1174	6
1175	12
1176	6
1177	14
1178	10
1179	12
1180	6
1181	8
1182	4
1183	36
1184	14
1185	12
1186	6
1187	4
1188	6
1189	2
1190	12
1191	6
1192	12
1193	16
1194	2
1195	10
1196	8
1197	22
1198	2
1199	12
1200	6
1201	4
1202	6
1203	18
1204	2
1205	12
1206	6
1207	4
1208	12
1209	8
1210	6
1211	12
1212	4
1213	6
1214	12
1215	6
1216	2
1217	12
1218	12
1219	4
1220	14
1221	6
1222	16
1223	6
1224	2
1225	10
1226	8
1227	18
1228	6
1229	34
1230	2
1231	28
1232	2
1233	22
1234	6
1235	2
1236	10
1237	12
1238	2
1239	6
1240	4
1241	8
1242	22
1243	6
1244	2
1245	10
1246	8
1247	4
1248	6
1249	8
1250	4
1251	12
1252	18
1253	12
1254	20
1255	4
1256	6
1257	6
1258	8
1259	4
1260	2
1261	16
1262	12
1263	2
1264	10
1265	8
1266	10
1267	2
1268	4
1269	6
1270	14
1271	12
1272	22
1273	8
1274	28
1275	2
1276	4
1277	20
1278	4
1279	2
1280	4
1281	14
1282	10
1283	12
1284	2
1285	12
1286	16
1287	2
1288	28
1289	8
1290	22
1291	8
1292	4
1293	6
1294	6
1295	14
1296	4
1297	8
1298	12
1299	6
1300	6
1301	4
1302	20
1303	4
1304	18
1305	2
1306	12
1307	6
1308	4
1309	6
1310	14
1311	18
1312	10
1313	8
1314	10
1315	32
1316	6
1317	10
1318	6
1319	6
1320	2
1321	6
1322	16
1323	6
1324	2
1325	12
1326	6
1327	28
1328	2
1329	10
1330	8
1331	16
1332	6
1333	8
1334	6
1335	10
1336	24
1337	20
1338	10
1339	2
1340	10
1341	2
1342	12
1343	4
1344	6
1345	20
1346	4
1347	2
1348	12
1349	18
1350	10
1351	2
1352	10
1353	2
1354	4
1355	20
1356	16
1357	26
1358	4
1359	8
1360	6
1361	4
1362	12
1363	6
1364	8
1365	12
1366	12
1367	6
1368	4
1369	8
1370	22
1371	2
1372	16
1373	14
1374	10
1375	6
1376	12
1377	12
1378	14
1379	6
1380	4
1381	20
1382	4
1383	12
1384	6
1385	2
1386	6
1387	6
1388	16
1389	8
1390	22
1391	2
1392	28
1393	8
1394	6
1395	4
1396	20
1397	4
1398	12
1399	24
1400	20
1401	4
1402	8
1403	10
1404	2
1405	16
1406	2
1407	12
1408	12
1409	34
1410	2
1411	4
1412	6
1413	12
1414	6
1415	6
1416	8
1417	6
1418	4
1419	2
1420	6
1421	24
1422	4
1423	20
1424	10
1425	6
1426	6
1427	14
1428	4
1429	6
1430	6
1431	2
1432	12
1433	6
1434	10
1435	2
1436	10
1437	6
1438	20
1439	4
1440	26
1441	4
1442	2
1443	6
1444	22
1445	2
1446	24
1447	4
1448	6
1449	2
1450	4
1451	6
1452	24
1453	6
1454	8
1455	4
1456	2
1457	34
1458	6
1459	8
1460	16
1461	12
1462	2
1463	10
1464	2
1465	10
1466	6
1467	8
1468	4
1469	8
1470	12
1471	22
1472	6
1473	14
1474	4
1475	26
1476	4
1477	2
1478	12
1479	10
1480	8
1481	4
1482	8
1483	12
1484	4
1485	14
1486	6
1487	16
1488	6
1489	8
1490	4
1491	6
1492	6
1493	8
1494	6
1495	10
1496	12
1497	2
1498	6
1499	6
1500	16
1501	8
1502	6
1503	6
1504	12
1505	10
1506	2
1507	6
1508	18
1509	4
1510	6
1511	6
1512	6
1513	12
1514	18
1515	8
1516	6
1517	10
1518	8
1519	18
1520	4
1521	14
1522	6
1523	18
1524	10
1525	8
1526	10
1527	12
1528	2
1529	6
1530	12
1531	12
1532	36
1533	4
1534	6
1535	8
1536	4
1537	6
1538	2
1539	4
1540	18
1541	12
1542	6
1543	8
1544	6
1545	6
1546	4
1547	18
1548	2
1549	4
1550	2
1551	24
1552	4
1553	6
1554	6
1555	14
1556	30
1557	6
1558	4
1559	6
1560	12
1561	6
1562	20
1563	4
1564	8
1565	4
1566	8
1567	6
1568	6
1569	4
1570	30
1571	2
1572	10
1573	12
1574	8
1575	10
1576	8
1577	24
1578	6
1579	12
1580	4
1581	14
1582	4
1583	6
1584	2
1585	28
1586	14
1587	16
1588	2
1589	12
1590	6
1591	4
1592	20
1593	10
1594	6
1595	6
1596	6
1597	8
1598	10
1599	12
1600	14
1601	10
1602	14
1603	16
1604	14
1605	10
1606	14
1607	6
1608	16
1609	6
1610	8
1611	6
1612	16
1613	20
1614	10
1615	2
1616	6
1617	4
1618	2
1619	4
1620	12
1621	2
1622	10
1623	2
1624	6
1625	22
1626	6
1627	2
1628	4
1629	18
1630	8
1631	10
1632	8
1633	22
1634	2
1635	10
1636	18
1637	14
1638	4
1639	2
1640	4
1641	18
1642	2
1643	4
1644	6
1645	8
1646	10
1647	2
1648	30
1649	4
1650	30
1651	2
1652	10
1653	2
1654	18
1655	4
1656	18
1657	6
1658	14
1659	10
1660	2
1661	4
1662	20
1663	36
1664	6
1665	4
1666	6
1667	14
1668	4
1669	20
1670	10
1671	14
1672	22
1673	6
1674	2
1675	30
1676	12
1677	10
1678	18
1679	2
1680	4
1681	14
1682	6
1683	22
1684	18
1685	2
1686	12
1687	6
1688	4
1689	8
1690	4
1691	8
1692	6
1693	10
1694	2
1695	12
1696	18
1697	10
1698	14
1699	16
1700	14
1701	4
1702	6
1703	6
1704	2
1705	6
1706	4
1707	2
1708	28
1709	2
1710	28
1711	6
1712	2
1713	4
1714	6
1715	14
1716	4
1717	12
1718	14
1719	16
1720	14
1721	4
1722	6
1723	8
1724	6
1725	4
1726	6
1727	6
1728	6
1729	8
1730	4
1731	8
1732	4
1733	14
1734	16
1735	8
1736	6
1737	4
1738	12
1739	8
1740	16
1741	2
1742	10
1743	8
1744	4
1745	6
1746	26
1747	6
1748	10
1749	8
1750	4
1751	6
1752	12
1753	14
1754	30
1755	4
1756	14
1757	22
1758	8
1759	12
1760	4
1761	6
1762	8
1763	10
1764	6
1765	14
1766	10
1767	6
1768	2
1769	10
1770	12
1771	12
1772	14
1773	6
1774	6
1775	18
1776	10
1777	6
1778	8
1779	18
1780	4
1781	6
1782	2
1783	6
1784	10
1785	2
1786	10
1787	8
1788	6
1789	6
1790	10
1791	2
1792	18
1793	10
1794	2
1795	12
1796	4
1797	6
1798	8
1799	10
1800	12
1801	14
1802	12
1803	4
1804	8
1805	10
1806	6
1807	6
1808	20
1809	4
1810	14
1811	16
1812	14
1813	10
1814	8
1815	10
1816	12
1817	2
1818	18
1819	6
1820	12
1821	10
1822	12
1823	2
1824	4
1825	2
1826	12
1827	6
1828	4
1829	8
1830	4
1831	44
1832	4
1833	2
1834	4
1835	2
1836	10
1837	12
1838	6
1839	6
1840	14
1841	4
1842	6
1843	6
1844	6
1845	8
1846	6
1847	36
1848	18
1849	4
1850	6
1851	2
1852	12
1853	6
1854	6
1855	6
1856	4
1857	14
1858	22
1859	12
1860	2
1861	18
1862	10
1863	6
1864	26
1865	24
1866	4
1867	2
1868	4
1869	2
1870	4
1871	14
1872	4
1873	6
1874	6
1875	8
1876	16
1877	12
1878	2
1879	42
1880	4
1881	2
1882	4
1883	24
1884	6
1885	6
1886	2
1887	18
1888	4
1889	14
1890	6
1891	28
1892	18
1893	14
1894	6
1895	10
1896	12
1897	2
1898	6
1899	12
1900	30
1901	6
1902	4
1903	6
1904	6
1905	14
1906	4
1907	2
1908	24
1909	4
1910	6
1911	6
1912	26
1913	10
1914	18
1915	6
1916	8
1917	6
1918	6
1919	30
1920	4
1921	12
1922	12
1923	2
1924	16
1925	2
1926	6
1927	4
1928	12
1929	18
1930	2
1931	6
1932	4
1933	26
1934	12
1935	6
1936	12
1937	4
1938	24
1939	24
1940	12
1941	6
1942	2
1943	12
1944	28
1945	8
1946	4
1947	6
1948	12
1949	2
1950	18
1951	6
1952	4
1953	6
1954	6
1955	20
1956	16
1957	2
1958	6
1959	6
1960	18
1961	10
1962	6
1963	2
1964	4
1965	8
1966	6
1967	6
1968	24
1969	16
1970	6
1971	8
1972	10
1973	6
1974	14
1975	22
1976	8
1977	16
1978	6
1979	2
1980	12
1981	4
1982	2
1983	22
1984	8
1985	18
1986	34
1987	2
1988	6
1989	18
1990	4
1991	6
1992	6
1993	8
1994	10
1995	8
1996	18
1997	6
1998	4
1999	2
2000	4
2001	8
2002	16
2003	2
2004	12
2005	12
2006	6
2007	18
2008	4
2009	6
2010	6
2011	6
2012	2
2013	6
2014	12
2015	10
2016	20
2017	12
2018	18
2019	4
2020	6
2021	2
2022	16
2023	2
2024	10
2025	14
2026	4
2027	30
2028	2
2029	10
2030	12
2031	2
2032	24
2033	6
2034	16
2035	8
2036	10
2037	2
2038	12
2039	22
2040	6
2041	2
2042	16
2043	20
2044	10
2045	2
2046	12
2047	12
2048	18
2049	10
2050	12
2051	6
2052	2
2053	10
2054	2
2055	6
2056	10
2057	18
2058	2
2059	12
2060	6
2061	4
2062	6
2063	2
2064	24
2065	28
2066	2
2067	4
2068	2
2069	10
2070	2
2071	16
2072	12
2073	8
2074	22
2075	2
2076	6
2077	4
2078	2
2079	10
2080	6
2081	20
2082	12
2083	10
2084	8
2085	12
2086	6
2087	6
2088	6
2089	4
2090	18
2091	2
2092	4
2093	12
2094	18
2095	2
2096	12
2097	6
2098	4
2099	2
2100	16
2101	12
2102	12
2103	14
2104	4
2105	8
2106	18
2107	4
2108	12
2109	14
2110	6
2111	6
2112	4
2113	8
2114	6
2115	4
2116	20
2117	12
2118	10
2119	14
2120	4
2121	2
2122	16
2123	2
2124	12
2125	30
2126	4
2127	6
2128	24
2129	20
2130	24
2131	10
2132	8
2133	12
2134	10
2135	12
2136	6
2137	12
2138	12
2139	6
2140	8
2141	16
2142	14
2143	6
2144	4
2145	6
2146	36
2147	20
2148	10
2149	30
2150	12
2151	2
2152	4
2153	2
2154	28
2155	12
2156	14
2157	6
2158	22
2159	8
2160	4
2161	18
2162	6
2163	14
2164	18
2165	4
2166	6
2167	2
2168	6
2169	34
2170	18
2171	2
2172	16
2173	6
2174	18
2175	2
2176	24
2177	4
2178	2
2179	6
2180	12
2181	6
2182	12
2183	10
2184	8
2185	6
2186	16
2187	12
2188	8
2189	10
2190	14
2191	40
2192	6
2193	2
2194	6
2195	4
2196	12
2197	14
2198	4
2199	2
2200	4
2201	2
2202	4
2203	8
2204	6
2205	10
2206	6
2207	6
2208	2
2209	6
2210	6
2211	6
2212	12
2213	6
2214	24
2215	10
2216	2
2217	10
2218	6
2219	12
2220	6
2221	6
2222	14
2223	6
2224	6
2225	52
2226	20
2227	6
2228	10
2229	2
2230	10
2231	8
2232	10
2233	12
2234	12
2235	2
2236	6
2237	4
2238	14
2239	16
2240	8
2241	12
2242	6
2243	22
2244	2
2245	10
2246	8
2247	6
2248	22
2249	2
2250	22
2251	6
2252	8
2253	10
2254	12
2255	12
2256	2
2257	10
2258	6
2259	12
2260	2
2261	4
2262	14
2263	10
2264	2
2265	6
2266	18
2267	4
2268	12
2269	8
2270	18
2271	12
2272	6
2273	6
2274	4
2275	6
2276	6
2277	14
2278	4
2279	2
2280	12
2281	12
2282	4
2283	6
2284	18
2285	18
2286	12
2287	2
2288	16
2289	12
2290	8
2291	18
2292	10
2293	26
2294	4
2295	6
2296	8
2297	6
2298	6
2299	4
2300	2
2301	10
2302	20
2303	4
2304	6
2305	8
2306	4
2307	20
2308	10
2309	2
2310	34
2311	2
2312	4
2313	24
2314	2
2315	12
2316	12
2317	10
2318	6
2319	2
2320	12
2321	30
2322	6
2323	12
2324	16
2325	12
2326	2
2327	22
2328	18
2329	12
2330	14
2331	10
2332	2
2333	12
2334	12
2335	4
2336	2
2337	4
2338	6
2339	12
2340	2
2341	16
2342	18
2343	2
2344	40
2345	8
2346	16
2347	6
2348	8
2349	10
2350	2
2351	4
2352	18
2353	8
2354	10
2355	8
2356	12
2357	4
2358	18
2359	2
2360	18
2361	10
2362	2
2363	4
2364	2
2365	4
2366	8
2367	28
2368	2
2369	6
2370	22
2371	12
2372	6
2373	14
2374	18
2375	4
2376	6
2377	8
2378	6
2379	6
2380	10
2381	8
2382	4
2383	2
2384	18
2385	10
2386	6
2387	20
2388	22
2389	8
2390	6
2391	30
2392	4
2393	2
2394	4
2395	18
2396	6
2397	30
2398	2
2399	4
2400	8
2401	6
2402	4
2403	6
2404	12
2405	14
2406	34
2407	14
2408	6
2409	4
2410	2
2411	6
2412	4
2413	14
2414	4
2415	2
2416	6
2417	28
2418	2
2419	4
2420	6
2421	8
2422	10
2423	2
2424	10
2425	2
2426	10
2427	2
2428	4
2429	30
2430	2
2431	12
2432	12
2433	10
2434	18
2435	12
2436	14
2437	10
2438	2
2439	12
2440	6
2441	10
2442	6
2443	14
2444	12
2445	4
2446	14
2447	4
2448	18
2449	2
2450	10
2451	8
2452	4
2453	8
2454	10
2455	12
2456	18
2457	18
2458	8
2459	6
2460	18
2461	16
2462	14
2463	6
2464	6
2465	10
2466	14
2467	4
2468	6
2469	2
2470	12
2471	12
2472	4
2473	6
2474	6
2475	12
2476	2
2477	16
2478	2
2479	12
2480	6
2481	4
2482	14
2483	6
2484	4
2485	2
2486	12
2487	18
2488	4
2489	36
2490	18
2491	12
2492	12
2493	2
2494	4
2495	2
2496	4
2497	8
2498	12
2499	4
2500	36
2501	6
2502	18
2503	2
2504	12
2505	10
2506	6
2507	12
2508	24
2509	8
2510	6
2511	6
2512	16
2513	12
2514	2
2515	18
2516	10
2517	20
2518	10
2519	2
2520	6
2521	18
2522	4
2523	2
2524	40
2525	6
2526	2
2527	16
2528	2
2529	4
2530	8
2531	18
2532	10
2533	12
2534	6
2535	2
2536	10
2537	8
2538	4
2539	6
2540	12
2541	2
2542	10
2543	18
2544	8
2545	6
2546	4
2547	20
2548	4
2549	6
2550	36
2551	6
2552	2
2553	10
2554	6
2555	24
2556	6
2557	14
2558	16
2559	6
2560	18
2561	2
2562	10
2563	20
2564	10
2565	8
2566	6
2567	4
2568	6
2569	2
2570	10
2571	2
2572	12
2573	4
2574	2
2575	4
2576	8
2577	10
2578	6
2579	12
2580	18
2581	14
2582	12
2583	16
2584	8
2585	6
2586	16
2587	8
2588	4
2589	2
2590	6
2591	18
2592	24
2593	18
2594	10
2595	12
2596	2
2597	4
2598	14
2599	10
2600	6
2601	6
2602	6
2603	18
2604	12
2605	2
2606	28
2607	18
2608	14
2609	16
2610	12
2611	14
2612	24
2613	12
2614	22
2615	6
2616	2
2617	10
2618	8
2619	4
2620	2
2621	4
2622	14
2623	12
2624	6
2625	4
2626	6
2627	14
2628	4
2629	2
2630	4
2631	30
2632	6
2633	2
2634	6
2635	10
2636	2
2637	30
2638	22
2639	2
2640	4
2641	6
2642	8
2643	6
2644	6
2645	16
2646	12
2647	12
2648	6
2649	8
2650	4
2651	2
2652	24
2653	12
2654	4
2655	6
2656	8
2657	6
2658	6
2659	10
2660	2
2661	6
2662	12
2663	28
2664	14
2665	6
2666	4
2667	12
2668	8
2669	6
2670	12
2671	4
2672	6
2673	14
2674	6
2675	12
2676	10
2677	6
2678	6
2679	8
2680	6
2681	6
2682	4
2683	2
2684	4
2685	8
2686	12
2687	4
2688	14
2689	18
2690	10
2691	2
2692	16
2693	6
2694	20
2695	6
2696	10
2697	8
2698	4
2699	30
2700	36
2701	12
2702	8
2703	22
2704	12
2705	2
2706	6
2707	12
2708	16
2709	6
2710	6
2711	2
2712	18
2713	4
2714	26
2715	4
2716	8
2717	18
2718	10
2719	8
2720	10
2721	6
2722	14
2723	4
2724	20
2725	22
2726	18
2727	12
2728	8
2729	28
2730	12
2731	6
2732	6
2733	8
2734	6
2735	12
2736	24
2737	16
2738	14
2739	4
2740	14
2741	12
2742	6
2743	10
2744	12
2745	20
2746	6
2747	4
2748	8
2749	18
2750	12
2751	18
2752	10
2753	2
2754	4
2755	20
2756	10
2757	14
2758	4
2759	6
2760	2
2761	10
2762	24
2763	18
2764	2
2765	4
2766	20
2767	16
2768	14
2769	10
2770	14
2771	6
2772	4
2773	6
2774	20
2775	6
2776	10
2777	6
2778	2
2779	12
2780	6
2781	30
2782	10
2783	8
2784	6
2785	4
2786	6
2787	8
2788	40
2789	2
2790	4
2791	2
2792	12
2793	18
2794	4
2795	6
2796	8
2797	10
2798	6
2799	18
2800	18
2801	2
2802	12
2803	16
2804	8
2805	6
2806	4
2807	6
2808	6
2809	2
2810	52
2811	14
2812	4
2813	20
2814	16
2815	2
2816	4
2817	6
2818	12
2819	2
2820	6
2821	12
2822	12
2823	6
2824	4
2825	14
2826	10
2827	6
2828	6
2829	14
2830	10
2831	14
2832	16
2833	8
2834	6
2835	12
2836	4
2837	8
2838	22
2839	6
2840	2
2841	18
2842	22
2843	6
2844	2
2845	18
2846	6
2847	16
2848	14
2849	10
2850	6
2851	12
2852	2
2853	6
2854	4
2855	8
2856	18
2857	12
2858	16
2859	2
2860	4
2861	14
2862	4
2863	8
2864	12
2865	12
2866	30
2867	16
2868	8
2869	4
2870	2
2871	6
2872	22
2873	12
2874	8
2875	10
2876	6
2877	6
2878	6
2879	14
2880	6
2881	18
2882	10
2883	12
2884	2
2885	10
2886	2
2887	4
2888	26
2889	4
2890	12
2891	8
2892	4
2893	18
2894	8
2895	10
2896	14
2897	16
2898	6
2899	6
2900	8
2901	10
2902	6
2903	8
2904	6
2905	12
2906	10
2907	20
2908	10
2909	8
2910	4
2911	12
2912	26
2913	18
2914	4
2915	12
2916	18
2917	6
2918	30
2919	6
2920	8
2921	6
2922	22
2923	12
2924	2
2925	4
2926	6
2927	6
2928	2
2929	10
2930	2
2931	4
2932	6
2933	6
2934	2
2935	6
2936	22
2937	18
2938	6
2939	18
2940	12
2941	8
2942	12
2943	6
2944	10
2945	12
2946	2
2947	16
2948	2
2949	10
2950	2
2951	10
2952	18
2953	6
2954	20
2955	4
2956	2
2957	6
2958	22
2959	6
2960	6
2961	18
2962	6
2963	14
2964	12
2965	16
2966	2
2967	6
2968	6
2969	4
2970	14
2971	12
2972	4
2973	2
2974	18
2975	16
2976	36
2977	12
2978	6
2979	14
2980	28
2981	2
2982	12
2983	6
2984	12
2985	6
2986	4
2987	2
2988	16
2989	30
2990	8
2991	24
2992	6
2993	30
2994	10
2995	2
2996	18
2997	4
2998	6
2999	12
3000	8
3001	22
3002	2
3003	6
3004	22
3005	18
3006	2
3007	10
3008	2
3009	10
3010	30
3011	2
3012	28
3013	6
3014	14
3015	16
3016	6
3017	20
3018	16
3019	2
3020	6
3021	4
3022	32
3023	4
3024	2
3025	4
3026	6
3027	2
3028	12
3029	4
3030	6
3031	6
3032	12
3033	2
3034	6
3035	4
3036	6
3037	8
3038	6
3039	4
3040	20
3041	4
3042	32
3043	10
3044	8
3045	16
3046	2
3047	22
3048	2
3049	4
3050	6
3051	8
3052	6
3053	16
3054	14
3055	4
3056	18
3057	8
3058	4
3059	20
3060	6
3061	12
3062	12
3063	6
3064	10
3065	2
3066	10
3067	2
3068	12
3069	28
3070	12
3071	18
3072	2
3073	18
3074	10
3075	8
3076	10
3077	48
3078	2
3079	4
3080	6
3081	8
3082	10
3083	2
3084	10
3085	30
3086	2
3087	36
3088	6
3089	10
3090	6
3091	2
3092	18
3093	4
3094	6
3095	8
3096	16
3097	14
3098	16
3099	6
3100	14
3101	4
3102	20
3103	4
3104	6
3105	2
3106	10
3107	12
3108	2
3109	6
3110	12
3111	6
3112	6
3113	4
3114	12
3115	2
3116	6
3117	4
3118	12
3119	6
3120	8
3121	4
3122	2
3123	6
3124	18
3125	10
3126	6
3127	8
3128	12
3129	6
3130	22
3131	2
3132	6
3133	12
3134	18
3135	4
3136	14
3137	6
3138	4
3139	20
3140	6
3141	16
3142	8
3143	4
3144	8
3145	22
3146	8
3147	12
3148	6
3149	6
3150	16
3151	12
3152	18
3153	30
3154	8
3155	4
3156	2
3157	4
3158	6
3159	26
3160	4
3161	14
3162	24
3163	22
3164	6
3165	2
3166	6
3167	10
3168	6
3169	14
3170	6
3171	6
3172	12
3173	10
3174	6
3175	2
3176	12
3177	10
3178	12
3179	8
3180	18
3181	18
3182	10
3183	6
3184	8
3185	16
3186	6
3187	6
3188	8
3189	16
3190	20
3191	4
3192	2
3193	10
3194	2
3195	10
3196	12
3197	6
3198	8
3199	6
3200	10
3201	20
3202	10
3203	18
3204	26
3205	4
3206	6
3207	30
3208	2
3209	4
3210	8
3211	6
3212	12
3213	12
3214	18
3215	4
3216	8
3217	22
3218	6
3219	2
3220	12
3221	34
3222	6
3223	18
3224	12
3225	6
3226	2
3227	28
3228	14
3229	16
3230	14
3231	4
3232	14
3233	12
3234	4
3235	6
3236	6
3237	2
3238	36
3239	4
3240	6
3241	20
3242	12
3243	24
3244	6
3245	22
3246	2
3247	16
3248	18
3249	12
3250	12
3251	18
3252	2
3253	6
3254	6
3255	6
3256	4
3257	6
3258	14
3259	4
3260	2
3261	22
3262	8
3263	12
3264	6
3265	10
3266	6
3267	8
3268	12
3269	18
3270	12
3271	6
3272	10
3273	2
3274	22
3275	14
3276	6
3277	6
3278	4
3279	18
3280	6
3281	20
3282	22
3283	2
3284	12
3285	24
3286	4
3287	18
3288	18
3289	2
3290	22
3291	2
3292	4
3293	12
3294	8
3295	12
3296	10
3297	14
3298	4
3299	2
3300	18
3301	16
3302	38
3303	6
3304	6
3305	6
3306	12
3307	10
3308	6
3309	12
3310	8
3311	6
3312	4
3313	6
3314	14
3315	30
3316	6
3317	10
3318	8
3319	22
3320	6
3321	8
3322	12
3323	10
3324	2
3325	10
3326	2
3327	6
3328	10
3329	2
3330	10
3331	12
3332	18
3333	20
3334	6
3335	4
3336	8
3337	22
3338	6
3339	6
3340	30
3341	6
3342	14
3343	6
3344	12
3345	12
3346	6
3347	10
3348	2
3349	10
3350	30
3351	2
3352	16
3353	8
3354	4
3355	2
3356	6
3357	18
3358	4
3359	2
3360	6
3361	4
3362	26
3363	4
3364	8
3365	6
3366	10
3367	2
3368	4
3369	6
3370	8
3371	4
3372	6
3373	30
3374	12
3375	2
3376	6
3377	6
3378	4
3379	20
3380	22
3381	8
3382	4
3383	2
3384	4
3385	72
3386	8
3387	4
3388	8
3389	22
3390	2
3391	4
3392	14
3393	10
3394	2
3395	4
3396	20
3397	6
3398	10
3399	18
3400	6
3401	20
3402	16
3403	6
3404	8
3405	6
3406	4
3407	20
3408	12
3409	22
3410	2
3411	4
3412	2
3413	12
3414	10
3415	18
3416	2
3417	22
3418	6
3419	18
3420	30
3421	2
3422	10
3423	14
3424	10
3425	8
3426	16
3427	50
3428	6
3429	10
3430	8
3431	10
3432	12
3433	6
3434	18
3435	2
3436	22
3437	6
3438	2
3439	4
3440	6
3441	8
3442	6
3443	6
3444	10
3445	18
3446	2
3447	22
3448	2
3449	16
3450	14
3451	10
3452	6
3453	2
3454	12
3455	10
3456	20
3457	4
3458	14
3459	6
3460	4
3461	36
3462	2
3463	4
3464	6
3465	12
3466	2
3467	4
3468	14
3469	12
3470	6
3471	4
3472	6
3473	2
3474	6
3475	4
3476	20
3477	10
3478	2
3479	10
3480	6
3481	12
3482	2
3483	24
3484	12
3485	12
3486	6
3487	6
3488	4
3489	24
3490	2
3491	4
3492	24
3493	2
3494	6
3495	4
3496	6
3497	8
3498	16
3499	6
3500	2
3501	10
3502	12
3503	14
3504	6
3505	34
3506	6
3507	14
3508	6
3509	4
3510	2
3511	30
3512	22
3513	8
3514	4
3515	6
3516	8
3517	4
3518	2
3519	28
3520	2
3521	6
3522	4
3523	26
3524	18
3525	22
3526	2
3527	6
3528	16
3529	6
3530	2
3531	16
3532	12
3533	2
3534	12
3535	4
3536	6
3537	6
3538	14
3539	10
3540	6
3541	8
3542	12
3543	4
3544	18
3545	2
3546	10
3547	8
3548	16
3549	6
3550	6
3551	30
3552	2
3553	10
3554	18
3555	2
3556	10
3557	8
3558	4
3559	8
3560	12
3561	24
3562	40
3563	2
3564	12
3565	10
3566	6
3567	12
3568	2
3569	12
3570	4
3571	2
3572	4
3573	6
3574	18
3575	14
3576	12
3577	6
3578	4
3579	14
3580	30
3581	4
3582	8
3583	10
3584	8
3585	6
3586	10
3587	18
3588	8
3589	4
3590	14
3591	16
3592	6
3593	8
3594	4
3595	6
3596	2
3597	10
3598	2
3599	12
3600	4
3601	2
3602	4
3603	6
3604	8
3605	4
3606	6
3607	32
3608	24
3609	10
3610	8
3611	18
3612	10
3613	2
3614	6
3615	10
3616	2
3617	4
3618	18
3619	6
3620	12
3621	2
3622	16
3623	2
3624	22
3625	6
3626	6
3627	8
3628	18
3629	4
3630	18
3631	12
3632	8
3633	6
3634	4
3635	20
3636	6
3637	30
3638	22
3639	12
3640	2
3641	6
3642	18
3643	4
3644	62
3645	4
3646	2
3647	12
3648	6
3649	10
3650	2
3651	12
3652	12
3653	28
3654	2
3655	4
3656	14
3657	22
3658	6
3659	2
3660	6
3661	6
3662	10
3663	14
3664	4
3665	2
3666	10
3667	6
3668	8
3669	10
3670	14
3671	10
3672	6
3673	2
3674	12
3675	22
3676	18
3677	8
3678	10
3679	18
3680	12
3681	2
3682	12
3683	4
3684	12
3685	2
3686	10
3687	2
3688	6
3689	18
3690	6
3691	6
3692	34
3693	6
3694	2
3695	12
3696	4
3697	6
3698	18
3699	18
3700	2
3701	16
3702	6
3703	6
3704	8
3705	6
3706	10
3707	18
3708	8
3709	10
3710	8
3711	10
3712	2
3713	4
3714	18
3715	26
3716	12
3717	22
3718	2
3719	4
3720	2
3721	22
3722	6
3723	6
3724	14
3725	16
3726	6
3727	20
3728	10
3729	12
3730	2
3731	18
3732	42
3733	4
3734	24
3735	2
3736	6
3737	10
3738	12
3739	2
3740	6
3741	10
3742	8
3743	4
3744	6
3745	12
3746	12
3747	8
3748	4
3749	6
3750	12
3751	30
3752	20
3753	6
3754	24
3755	6
3756	10
3757	12
3758	2
3759	10
3760	20
3761	6
3762	6
3763	4
3764	12
3765	14
3766	10
3767	18
3768	12
3769	8
3770	6
3771	12
3772	4
3773	14
3774	10
3775	2
3776	12
3777	30
3778	16
3779	2
3780	12
3781	6
3782	4
3783	2
3784	4
3785	6
3786	26
3787	4
3788	18
3789	2
3790	4
3791	6
3792	14
3793	54
3794	6
3795	52
3796	2
3797	16
3798	6
3799	6
3800	12
3801	26
3802	4
3803	2
3804	6
3805	22
3806	6
3807	2
3808	12
3809	12
3810	6
3811	10
3812	18
3813	2
3814	12
3815	12
3816	10
3817	18
3818	12
3819	6
3820	8
3821	6
3822	10
3823	6
3824	8
3825	4
3826	2
3827	4
3828	20
3829	24
3830	6
3831	6
3832	10
3833	14
3834	10
3835	2
3836	22
3837	6
3838	14
3839	10
3840	26
3841	4
3842	18
3843	8
3844	12
3845	12
3846	10
3847	12
3848	6
3849	8
3850	16
3851	6
3852	8
3853	6
3854	6
3855	22
3856	2
3857	10
3858	20
3859	10
3860	6
3861	44
3862	18
3863	6
3864	10
3865	2
3866	4
3867	6
3868	14
3869	4
3870	26
3871	4
3872	2
3873	12
3874	10
3875	8
3876	4
3877	8
3878	12
3879	4
3880	12
3881	8
3882	22
3883	8
3884	6
3885	10
3886	18
3887	6
3888	6
3889	8
3890	6
3891	12
3892	4
3893	8
3894	18
3895	10
3896	12
3897	6
3898	12
3899	2
3900	6
3901	4
3902	2
3903	16
3904	12
3905	12
3906	14
3907	10
3908	14
3909	6
3910	10
3911	12
3912	2
3913	12
3914	6
3915	4
3916	6
3917	2
3918	12
3919	4
3920	26
3921	6
3922	18
3923	6
3924	10
3925	6
3926	2
3927	18
3928	10
3929	8
3930	4
3931	26
3932	10
3933	20
3934	6
3935	16
3936	20
3937	12
3938	10
3939	8
3940	10
3941	2
3942	16
3943	6
3944	20
3945	10
3946	20
3947	4
3948	30
3949	2
3950	4
3951	8
3952	16
3953	2
3954	18
3955	4
3956	2
3957	6
3958	10
3959	18
3960	12
3961	14
3962	18
3963	6
3964	16
3965	20
3966	6
3967	4
3968	8
3969	6
3970	4
3971	6
3972	12
3973	8
3974	10
3975	2
3976	12
3977	6
3978	4
3979	2
3980	6
3981	10
3982	2
3983	16
3984	12
3985	14
3986	10
3987	6
3988	8
3989	6
3990	28
3991	2
3992	6
3993	18
3994	30
3995	34
3996	2
3997	16
3998	12
3999	2
4000	18
4001	16
4002	6
4003	8
4004	10
4005	8
4006	10
4007	8
4008	10
4009	44
4010	6
4011	6
4012	4
4013	20
4014	4
4015	2
4016	4
4017	14
4018	28
4019	8
4020	6
4021	16
4022	14
4023	30
4024	6
4025	30
4026	4
4027	14
4028	10
4029	6
4030	6
4031	8
4032	4
4033	18
4034	12
4035	6
4036	2
4037	22
4038	12
4039	8
4040	6
4041	12
4042	4
4043	14
4044	4
4045	6
4046	2
4047	4
4048	18
4049	20
4050	6
4051	16
4052	38
4053	16
4054	2
4055	4
4056	6
4057	2
4058	40
4059	42
4060	14
4061	4
4062	6
4063	2
4064	24
4065	10
4066	6
4067	2
4068	18
4069	10
4070	12
4071	2
4072	16
4073	2
4074	6
4075	16
4076	6
4077	8
4078	4
4079	2
4080	10
4081	6
4082	8
4083	10
4084	2
4085	18
4086	16
4087	8
4088	12
4089	18
4090	12
4091	6
4092	12
4093	10
4094	6
4095	6
4096	18
4097	12
4098	14
4099	4
4100	2
4101	10
4102	20
4103	6
4104	12
4105	6
4106	16
4107	26
4108	4
4109	18
4110	2
4111	4
4112	32
4113	10
4114	8
4115	6
4116	4
4117	6
4118	6
4119	14
4120	6
4121	18
4122	4
4123	2
4124	18
4125	10
4126	8
4127	10
4128	8
4129	10
4130	2
4131	4
4132	6
4133	2
4134	10
4135	42
4136	8
4137	12
4138	4
4139	6
4140	18
4141	2
4142	16
4143	8
4144	4
4145	2
4146	10
4147	14
4148	12
4149	10
4150	20
4151	4
4152	8
4153	10
4154	38
4155	4
4156	6
4157	2
4158	10
4159	20
4160	10
4161	12
4162	6
4163	12
4164	26
4165	12
4166	4
4167	8
4168	28
4169	8
4170	4
4171	8
4172	24
4173	6
4174	10
4175	8
4176	6
4177	16
4178	12
4179	8
4180	10
4181	12
4182	8
4183	22
4184	6
4185	2
4186	10
4187	2
4188	6
4189	10
4190	6
4191	6
4192	8
4193	6
4194	4
4195	14
4196	28
4197	8
4198	16
4199	18
4200	8
4201	4
4202	6
4203	20
4204	4
4205	18
4206	6
4207	2
4208	24
4209	24
4210	6
4211	6
4212	12
4213	12
4214	4
4215	2
4216	22
4217	2
4218	10
4219	6
4220	8
4221	12
4222	4
4223	20
4224	18
4225	6
4226	4
4227	12
4228	24
4229	6
4230	6
4231	54
4232	8
4233	6
4234	4
4235	26
4236	36
4237	4
4238	2
4239	4
4240	26
4241	12
4242	12
4243	4
4244	6
4245	6
4246	8
4247	12
4248	10
4249	2
4250	12
4251	16
4252	18
4253	6
4254	8
4255	6
4256	12
4257	18
4258	10
4259	2
4260	54
4261	4
4262	2
4263	10
4264	30
4265	12
4266	8
4267	4
4268	8
4269	16
4270	14
4271	12
4272	6
4273	4
4274	6
4275	12
4276	6
4277	2
4278	4
4279	14
4280	12
4281	4
4282	14
4283	6
4284	24
4285	6
4286	6
4287	10
4288	12
4289	12
4290	20
4291	18
4292	6
4293	6
4294	16
4295	8
4296	4
4297	6
4298	20
4299	4
4300	32
4301	4
4302	14
4303	10
4304	2
4305	6
4306	12
4307	16
4308	2
4309	4
4310	6
4311	12
4312	2
4313	10
4314	8
4315	6
4316	4
4317	2
4318	10
4319	14
4320	6
4321	6
4322	12
4323	18
4324	34
4325	8
4326	10
4327	6
4328	24
4329	6
4330	2
4331	10
4332	12
4333	2
4334	30
4335	10
4336	14
4337	12
4338	12
4339	16
4340	6
4341	6
4342	2
4343	18
4344	4
4345	6
4346	30
4347	14
4348	4
4349	6
4350	6
4351	2
4352	6
4353	4
4354	6
4355	14
4356	6
4357	4
4358	8
4359	10
4360	12
4361	6
4362	32
4363	10
4364	8
4365	22
4366	2
4367	10
4368	6
4369	24
4370	8
4371	4
4372	30
4373	6
4374	2
4375	12
4376	16
4377	8
4378	6
4379	4
4380	6
4381	8
4382	16
4383	14
4384	6
4385	6
4386	4
4387	2
4388	10
4389	12
4390	2
4391	16
4392	14
4393	4
4394	2
4395	4
4396	20
4397	18
4398	10
4399	2
4400	10
4401	6
4402	12
4403	30
4404	8
4405	18
4406	12
4407	10
4408	2
4409	6
4410	6
4411	4
4412	12
4413	12
4414	2
4415	4
4416	12
4417	18
4418	24
4419	2
4420	10
4421	6
4422	8
4423	16
4424	8
4425	6
4426	12
4427	10
4428	14
4429	6
4430	12
4431	6
4432	6
4433	4
4434	2
4435	24
4436	4
4437	6
4438	8
4439	6
4440	4
4441	2
4442	4
4443	6
4444	14
4445	4
4446	8
4447	10
4448	24
4449	24
4450	12
4451	2
4452	6
4453	12
4454	22
4455	30
4456	2
4457	6
4458	18
4459	10
4460	6
4461	6
4462	8
4463	4
4464	2
4465	6
4466	10
4467	8
4468	10
4469	6
4470	8
4471	16
4472	6
4473	14
4474	6
4475	4
4476	24
4477	8
4478	10
4479	2
4480	12
4481	6
4482	4
4483	36
4484	2
4485	22
4486	6
4487	8
4488	6
4489	10
4490	8
4491	6
4492	12
4493	10
4494	14
4495	10
4496	6
4497	18
4498	12
4499	2
4500	12
4501	4
4502	26
4503	10
4504	14
4505	16
4506	18
4507	8
4508	18
4509	12
4510	12
4511	6
4512	16
4513	14
4514	24
4515	10
4516	12
4517	8
4518	22
4519	6
4520	2
4521	10
4522	60
4523	6
4524	2
4525	4
4526	8
4527	16
4528	14
4529	10
4530	6
4531	24
4532	6
4533	12
4534	18
4535	24
4536	2
4537	30
4538	4
4539	2
4540	12
4541	6
4542	10
4543	2
4544	4
4545	14
4546	6
4547	16
4548	2
4549	10
4550	8
4551	22
4552	20
4553	6
4554	4
4555	32
4556	6
4557	18
4558	4
4559	2
4560	4
4561	2
4562	4
4563	8
4564	52
4565	14
4566	22
4567	2
4568	22
4569	20
4570	10
4571	8
4572	10
4573	2
4574	6
4575	4
4576	14
4577	4
4578	6
4579	20
4580	4
4581	6
4582	2
4583	12
4584	12
4585	6
4586	12
4587	16
4588	2
4589	12
4590	10
4591	8
4592	4
4593	6
4594	2
4595	28
4596	12
4597	8
4598	10
4599	12
4600	2
4601	4
4602	14
4603	28
4604	8
4605	6
4606	4
4607	2
4608	4
4609	6
4610	2
4611	12
4612	58
4613	6
4614	14
4615	10
4616	2
4617	6
4618	28
4619	32
4620	4
4621	30
4622	8
4623	6
4624	4
4625	6
4626	12
4627	12
4628	2
4629	4
4630	6
4631	6
4632	14
4633	16
4634	8
4635	30
4636	4
4637	2
4638	10
4639	8
4640	6
4641	4
4642	6
4643	26
4644	4
4645	12
4646	2
4647	10
4648	18
4649	12
4650	12
4651	18
4652	2
4653	4
4654	12
4655	8
4656	12
4657	10
4658	20
4659	4
4660	8
4661	16
4662	12
4663	8
4664	6
4665	16
4666	8
4667	10
4668	12
4669	14
4670	6
4671	4
4672	8
4673	12
4674	4
4675	20
4676	6
4677	40
4678	8
4679	16
4680	6
4681	36
4682	2
4683	6
4684	4
4685	6
4686	2
4687	22
4688	18
4689	2
4690	10
4691	6
4692	36
4693	14
4694	12
4695	4
4696	18
4697	8
4698	4
4699	14
4700	10
4701	2
4702	10
4703	8
4704	4
4705	2
4706	18
4707	16
4708	12
4709	14
4710	10
4711	14
4712	6
4713	6
4714	42
4715	10
4716	6
4717	6
4718	20
4719	10
4720	8
4721	12
4722	4
4723	12
4724	18
4725	2
4726	10
4727	14
4728	18
4729	10
4730	18
4731	8
4732	6
4733	4
4734	14
4735	6
4736	10
4737	30
4738	14
4739	6
4740	6
4741	4
4742	12
4743	38
4744	4
4745	2
4746	4
4747	6
4748	8
4749	12
4750	10
4751	6
4752	18
4753	6
4754	50
4755	6
4756	4
4757	6
4758	12
4759	8
4760	10
4761	32
4762	6
4763	22
4764	2
4765	10
4766	12
4767	18
4768	2
4769	6
4770	4
4771	30
4772	8
4773	6
4774	6
4775	18
4776	10
4777	2
4778	4
4779	12
4780	20
4781	10
4782	8
4783	24
4784	10
4785	2
4786	6
4787	22
4788	6
4789	2
4790	18
4791	10
4792	12
4793	2
4794	30
4795	18
4796	12
4797	28
4798	2
4799	6
4800	4
4801	6
4802	14
4803	6
4804	12
4805	10
4806	8
4807	4
4808	12
4809	26
4810	10
4811	8
4812	6
4813	16
4814	2
4815	10
4816	18
4817	14
4818	6
4819	4
4820	6
4821	14
4822	16
4823	2
4824	6
4825	4
4826	12
4827	20
4828	4
4829	20
4830	4
4831	6
4832	12
4833	2
4834	36
4835	4
4836	6
4837	2
4838	10
4839	2
4840	22
4841	8
4842	6
4843	10
4844	12
4845	12
4846	18
4847	14
4848	24
4849	36
4850	4
4851	20
4852	24
4853	10
4854	6
4855	2
4856	28
4857	6
4858	18
4859	8
4860	4
4861	6
4862	8
4863	6
4864	4
4865	2
4866	12
4867	28
4868	18
4869	14
4870	16
4871	14
4872	18
4873	10
4874	8
4875	6
4876	4
4877	6
4878	6
4879	8
4880	22
4881	12
4882	2
4883	10
4884	18
4885	6
4886	2
4887	18
4888	10
4889	2
4890	12
4891	10
4892	18
4893	32
4894	6
4895	4
4896	6
4897	6
4898	8
4899	6
4900	6
4901	10
4902	20
4903	6
4904	12
4905	10
4906	8
4907	10
4908	14
4909	6
4910	10
4911	14
4912	4
4913	2
4914	22
4915	18
4916	2
4917	10
4918	2
4919	4
4920	20
4921	4
4922	2
4923	34
4924	2
4925	12
4926	6
4927	10
4928	2
4929	10
4930	18
4931	6
4932	14
4933	12
4934	12
4935	22
4936	8
4937	6
4938	16
4939	6
4940	8
4941	4
4942	12
4943	6
4944	8
4945	4
4946	36
4947	6
4948	6
4949	20
4950	24
4951	6
4952	12
4953	18
4954	10
4955	2
4956	10
4957	26
4958	6
4959	16
4960	8
4961	6
4962	4
4963	24
4964	18
4965	8
4966	12
4967	12
4968	10
4969	18
4970	12
4971	2
4972	24
4973	4
4974	12
4975	18
4976	12
4977	14
4978	10
4979	2
4980	4
4981	24
4982	12
4983	14
4984	10
4985	6
4986	2
4987	6
4988	4
4989	6
4990	26
4991	4
4992	6
4993	6
4994	2
4995	22
4996	8
4997	18
4998	4
4999	18
