n	Σ(1/n^2)
1	1.000000000
2	1.250000000
3	1.361111164
4	1.423611164
5	1.463611126
6	1.491388917
7	1.511797071
8	1.527422071
9	1.539767742
10	1.549767733
11	1.558032155
12	1.564976573
13	1.570893764
14	1.575995803
15	1.580440283
16	1.584346533
17	1.587806702
18	1.590893149
19	1.593663216
20	1.596163273
21	1.598430872
22	1.600497007
23	1.602387309
24	1.604123473
25	1.605723500
26	1.607202768
27	1.608574510
28	1.609850049
29	1.611039162
30	1.612150311
31	1.613190889
32	1.614167452
33	1.615085721
34	1.615950823
35	1.616767168
36	1.617538810
37	1.618269324
38	1.618961811
39	1.619619250
40	1.620244265
41	1.620839119
42	1.621405959
43	1.621946812
44	1.622463346
45	1.622957230
46	1.623429775
47	1.623882413
48	1.624316454
49	1.624732971
50	1.625132918
51	1.625517368
52	1.625887156
53	1.626243114
54	1.626586080
55	1.626916647
56	1.627235532
57	1.627543330
58	1.627840638
59	1.628127933
60	1.628405690
61	1.628674388
62	1.628934503
63	1.629186511
64	1.629430652
65	1.629667282
66	1.629896879
67	1.630119681
68	1.630335927
69	1.630545974
70	1.630750060
71	1.630948424
72	1.631141305
73	1.631328940
74	1.631511569
75	1.631689310
76	1.631862402
77	1.632031083
78	1.632195473
79	1.632355690
80	1.632511973
81	1.632664442
82	1.632813215
83	1.632958412
84	1.633100152
85	1.633238554
86	1.633373737
87	1.633505821
88	1.633634925
89	1.633761168
90	1.633884668
91	1.634005427
92	1.634123564
93	1.634239197
94	1.634352326
95	1.634463072
96	1.634571552
97	1.634677887
98	1.634781957
99	1.634884000
100	1.634984016
101	1.635082006
102	1.635178089
103	1.635272384
104	1.635364890
105	1.635455608
106	1.635544658
107	1.635632038
108	1.635717750
109	1.635801911
110	1.635884523
111	1.635965705
112	1.636045456
113	1.636123776
114	1.636200666
115	1.636276245
116	1.636350513
117	1.636423588
118	1.636495352
119	1.636565924
120	1.636635423
121	1.636703730
122	1.636770964
123	1.636837006
124	1.636902094
125	1.636966109
126	1.637029052
127	1.637091041
128	1.637152076
129	1.637212157
130	1.637271285
131	1.637329578
132	1.637386918
133	1.637443423
134	1.637499094
135	1.637553930
136	1.637608051
137	1.637661338
138	1.637713790
139	1.637765527
140	1.637816548
141	1.637866855
142	1.637916446
143	1.637965322
144	1.638013601
145	1.638061166
146	1.638108134
147	1.638154387
148	1.638200045
149	1.638245106
150	1.638289571
151	1.638333440
152	1.638376713
153	1.638419390
154	1.638461590
155	1.638503194
156	1.638544321
157	1.638584852
158	1.638624907
159	1.638664484
160	1.638703585
161	1.638742208
162	1.638780355
163	1.638818026
164	1.638855219
165	1.638891935
166	1.638928175
167	1.638964057
168	1.638999462
169	1.639034510
170	1.639069080
171	1.639103293
172	1.639137149
173	1.639170527
174	1.639203548
175	1.639236212
176	1.639268517
177	1.639300466
178	1.639332056
179	1.639363289
180	1.639394164
181	1.639424682
182	1.639454842
183	1.639484644
184	1.639514208
185	1.639543414
186	1.639572263
187	1.639600873
188	1.639629126
189	1.639657140
190	1.639684796
191	1.639712214
192	1.639739394
193	1.639766216
194	1.639792800
195	1.639819145
196	1.639845133
197	1.639870882
198	1.639896393
199	1.639921665
200	1.639946699
201	1.639971495
202	1.639996052
203	1.640020370
204	1.640044451
205	1.640068293
206	1.640091896
207	1.640115261
208	1.640138388
209	1.640161276
210	1.640183926
211	1.640206337
212	1.640228629
213	1.640250683
214	1.640272498
215	1.640294075
216	1.640315533
217	1.640336752
218	1.640357852
219	1.640378714
220	1.640399337
221	1.640419841
222	1.640440106
223	1.640460253
224	1.640480161
225	1.640499949
226	1.640519500
227	1.640538931
228	1.640558124
229	1.640577197
230	1.640596151
231	1.640614867
232	1.640633464
233	1.640651941
234	1.640670180
235	1.640688300
236	1.640706301
237	1.640724063
238	1.640741706
239	1.640759230
240	1.640776634
241	1.640793800
242	1.640810847
243	1.640827775
244	1.640844584
245	1.640861273
246	1.640877843
247	1.640894175
248	1.640910387
249	1.640926480
250	1.640942454
251	1.640958309
252	1.640974045
253	1.640989661
254	1.641005158
255	1.641020536
256	1.641035795
257	1.641050935
258	1.641065955
259	1.641080856
260	1.641095638
261	1.641110301
262	1.641124845
263	1.641139269
264	1.641153574
265	1.641167760
266	1.641181946
267	1.641196012
268	1.641209960
269	1.641223788
270	1.641237497
271	1.641251087
272	1.641264558
273	1.641278028
274	1.641291380
275	1.641304612
276	1.641317725
277	1.641330719
278	1.641343713
279	1.641356587
280	1.641369343
281	1.641381979
282	1.641394496
283	1.641407013
284	1.641419411
285	1.641431689
286	1.641443968
287	1.641456127
288	1.641468167
289	1.641480088
290	1.641492009
291	1.641503811
292	1.641515493
293	1.641527176
294	1.641538739
295	1.641550183
296	1.641561627
297	1.641572952
298	1.641584158
299	1.641595364
300	1.641606450
301	1.641617537
302	1.641628504
303	1.641639352
304	1.641650200
305	1.641660929
306	1.641671658
307	1.641682267
308	1.641692758
309	1.641703248
310	1.641713619
311	1.641723990
312	1.641734242
313	1.641744494
314	1.641754627
315	1.641764760
316	1.641774774
317	1.641784668
318	1.641794562
319	1.641804338
320	1.641814113
321	1.641823769
322	1.641833425
323	1.641842961
324	1.641852498
325	1.641861916
326	1.641871333
327	1.641880631
328	1.641889930
329	1.641899109
330	1.641908288
331	1.641917467
332	1.641926527
333	1.641935587
334	1.641944528
335	1.641953468
336	1.641962290
337	1.641971111
338	1.641979814
339	1.641988516
340	1.641997218
341	1.642005801
342	1.642014384
343	1.642022848
344	1.642031312
345	1.642039657
346	1.642048001
347	1.642056346
348	1.642064571
349	1.642072797
350	1.642080903
351	1.642089009
352	1.642097116
353	1.642105103
354	1.642113090
355	1.642121077
356	1.642128944
357	1.642136812
358	1.642144561
359	1.642152309
360	1.642160058
361	1.642167687
362	1.642175317
363	1.642182946
364	1.642190456
365	1.642197967
366	1.642205477
367	1.642212868
368	1.642220259
369	1.642227650
370	1.642234921
371	1.642242193
372	1.642249465
373	1.642256618
374	1.642263770
375	1.642270923
376	1.642277956
377	1.642284989
378	1.642292023
379	1.642298937
380	1.642305851
381	1.642312765
382	1.642319560
383	1.642326355
384	1.642333150
385	1.642339945
386	1.642346621
387	1.642353296
388	1.642359972
389	1.642366529
390	1.642373085
391	1.642379642
392	1.642386198
393	1.642392635
394	1.642399073
395	1.642405510
396	1.642411828
397	1.642418146
398	1.642424464
399	1.642430782
400	1.642436981
401	1.642443180
402	1.642449379
403	1.642455578
404	1.642461658
405	1.642467737
406	1.642473817
407	1.642479897
408	1.642485857
409	1.642491817
410	1.642497778
411	1.642503738
412	1.642509580
413	1.642515421
414	1.642521262
415	1.642527103
416	1.642532825
417	1.642538548
418	1.642544270
419	1.642549992
420	1.642555714
421	1.642561316
422	1.642566919
423	1.642572522
424	1.642578125
425	1.642583609
426	1.642589092
427	1.642594576
428	1.642600060
429	1.642605543
430	1.642610908
431	1.642616272
432	1.642621636
433	1.642627001
434	1.642632365
435	1.642637610
436	1.642642856
437	1.642648101
438	1.642653346
439	1.642658591
440	1.642663717
441	1.642668843
442	1.642673969
443	1.642679095
444	1.642684221
445	1.642689228
446	1.642694235
447	1.642699242
448	1.642704248
449	1.642709255
450	1.642714143
451	1.642719030
452	1.642723918
453	1.642728806
454	1.642733693
455	1.642738581
456	1.642743349
457	1.642748117
458	1.642752886
459	1.642757654
460	1.642762423
461	1.642767072
462	1.642771721
463	1.642776370
464	1.642781019
465	1.642785668
466	1.642790318
467	1.642794847
468	1.642799377
469	1.642803907
470	1.642808437
471	1.642812967
472	1.642817497
473	1.642821908
474	1.642826319
475	1.642830729
476	1.642835140
477	1.642839551
478	1.642843962
479	1.642848372
480	1.642852664
481	1.642856956
482	1.642861247
483	1.642865539
484	1.642869830
485	1.642874122
486	1.642878413
487	1.642882586
488	1.642886758
489	1.642890930
490	1.642895103
491	1.642899275
492	1.642903447
493	1.642907619
494	1.642911673
495	1.642915726
496	1.642919779
497	1.642923832
498	1.642927885
499	1.642931938
500	1.642935991
501	1.642939925
502	1.642943859
503	1.642947793
504	1.642951727
505	1.642955661
506	1.642959595
507	1.642963529
508	1.642967463
509	1.642971277
510	1.642975092
511	1.642978907
512	1.642982721
513	1.642986536
514	1.642990351
515	1.642994165
516	1.642997980
517	1.643001676
518	1.643005371
519	1.643009067
520	1.643012762
521	1.643016458
522	1.643020153
523	1.643023849
524	1.643027544
525	1.643031120
526	1.643034697
527	1.643038273
528	1.643041849
529	1.643045425
530	1.643049002
531	1.643052578
532	1.643056154
533	1.643059731
534	1.643063188
535	1.643066645
536	1.643070102
537	1.643073559
538	1.643077016
539	1.643080473
540	1.643083930
541	1.643087387
542	1.643090844
543	1.643094182
544	1.643097520
545	1.643100858
546	1.643104196
547	1.643107533
548	1.643110871
549	1.643114209
550	1.643117547
551	1.643120885
552	1.643124223
553	1.643127441
554	1.643130660
555	1.643133879
556	1.643137097
557	1.643140316
558	1.643143535
559	1.643146753
560	1.643149972
561	1.643153191
562	1.643156409
563	1.643159509
564	1.643162608
565	1.643165708
566	1.643168807
567	1.643171906
568	1.643175006
569	1.643178105
570	1.643181205
571	1.643184304
572	1.643187404
573	1.643190503
574	1.643193483
575	1.643196464
576	1.643199444
577	1.643202424
578	1.643205404
579	1.643208385
580	1.643211365
581	1.643214345
582	1.643217325
583	1.643220305
584	1.643223286
585	1.643226266
586	1.643229127
587	1.643231988
588	1.643234849
589	1.643237710
590	1.643240571
591	1.643243432
592	1.643246293
593	1.643249154
594	1.643252015
595	1.643254876
596	1.643257737
597	1.643260598
598	1.643263340
599	1.643266082
600	1.643268824
601	1.643271565
602	1.643274307
603	1.643277049
604	1.643279791
605	1.643282533
606	1.643285275
607	1.643288016
608	1.643290758
609	1.643293500
610	1.643296242
611	1.643298864
612	1.643301487
613	1.643304110
614	1.643306732
615	1.643309355
616	1.643311977
617	1.643314600
618	1.643317223
619	1.643319845
620	1.643322468
621	1.643325090
622	1.643327713
623	1.643330336
624	1.643332958
625	1.643335462
626	1.643337965
627	1.643340468
628	1.643342972
629	1.643345475
630	1.643347979
631	1.643350482
632	1.643352985
633	1.643355489
634	1.643357992
635	1.643360496
636	1.643362999
637	1.643365502
638	1.643368006
639	1.643370509
640	1.643372893
641	1.643375278
642	1.643377662
643	1.643380046
644	1.643382430
645	1.643384814
646	1.643387198
647	1.643389583
648	1.643391967
649	1.643394351
650	1.643396735
651	1.643399119
652	1.643401504
653	1.643403888
654	1.643406272
655	1.643408656
656	1.643410921
657	1.643413186
658	1.643415451
659	1.643417716
660	1.643419981
661	1.643422246
662	1.643424511
663	1.643426776
664	1.643429041
665	1.643431306
666	1.643433571
667	1.643435836
668	1.643438101
669	1.643440366
670	1.643442631
671	1.643444896
672	1.643447161
673	1.643449426
674	1.643451571
675	1.643453717
676	1.643455863
677	1.643458009
678	1.643460155
679	1.643462300
680	1.643464446
681	1.643466592
682	1.643468738
683	1.643470883
684	1.643473029
685	1.643475175
686	1.643477321
687	1.643479466
688	1.643481612
689	1.643483758
690	1.643485904
691	1.643488050
692	1.643490195
693	1.643492222
694	1.643494248
695	1.643496275
696	1.643498302
697	1.643500328
698	1.643502355
699	1.643504381
700	1.643506408
701	1.643508434
702	1.643510461
703	1.643512487
704	1.643514514
705	1.643516541
706	1.643518567
707	1.643520594
708	1.643522620
709	1.643524647
710	1.643526673
711	1.643528700
712	1.643530726
713	1.643532753
714	1.643534660
715	1.643536568
716	1.643538475
717	1.643540382
718	1.643542290
719	1.643544197
720	1.643546104
721	1.643548012
722	1.643549919
723	1.643551826
724	1.643553734
725	1.643555641
726	1.643557549
727	1.643559456
728	1.643561363
729	1.643563271
730	1.643565178
731	1.643567085
732	1.643568993
733	1.643570900
734	1.643572807
735	1.643574715
736	1.643576503
737	1.643578291
738	1.643580079
739	1.643581867
740	1.643583655
741	1.643585443
742	1.643587232
743	1.643589020
744	1.643590808
745	1.643592596
746	1.643594384
747	1.643596172
748	1.643597960
749	1.643599749
750	1.643601537
751	1.643603325
752	1.643605113
753	1.643606901
754	1.643608689
755	1.643610477
756	1.643612266
757	1.643614054
758	1.643615842
759	1.643617630
760	1.643619418
761	1.643621087
762	1.643622756
763	1.643624425
764	1.643626094
765	1.643627763
766	1.643629432
767	1.643631101
768	1.643632770
769	1.643634439
770	1.643636107
771	1.643637776
772	1.643639445
773	1.643641114
774	1.643642783
775	1.643644452
776	1.643646121
777	1.643647790
778	1.643649459
779	1.643651128
780	1.643652797
781	1.643654466
782	1.643656135
783	1.643657804
784	1.643659472
785	1.643661141
786	1.643662810
787	1.643664479
788	1.643666148
789	1.643667698
790	1.643669248
791	1.643670797
792	1.643672347
793	1.643673897
794	1.643675447
795	1.643676996
796	1.643678546
797	1.643680096
798	1.643681645
799	1.643683195
800	1.643684745
801	1.643686295
802	1.643687844
803	1.643689394
804	1.643690944
805	1.643692493
806	1.643694043
807	1.643695593
808	1.643697143
809	1.643698692
810	1.643700242
811	1.643701792
812	1.643703341
813	1.643704891
814	1.643706441
815	1.643707991
816	1.643709540
817	1.643711090
818	1.643712640
819	1.643714190
820	1.643715620
821	1.643717051
822	1.643718481
823	1.643719912
824	1.643721342
825	1.643722773
826	1.643724203
827	1.643725634
828	1.643727064
829	1.643728495
830	1.643729925
831	1.643731356
832	1.643732786
833	1.643734217
834	1.643735647
835	1.643737078
836	1.643738508
837	1.643739939
838	1.643741369
839	1.643742800
840	1.643744230
841	1.643745661
842	1.643747091
843	1.643748522
844	1.643749952
845	1.643751383
846	1.643752813
847	1.643754244
848	1.643755674
849	1.643757105
850	1.643758535
851	1.643759966
852	1.643761396
853	1.643762827
854	1.643764257
855	1.643765569
856	1.643766880
857	1.643768191
858	1.643769503
859	1.643770814
860	1.643772125
861	1.643773437
862	1.643774748
863	1.643776059
864	1.643777370
865	1.643778682
866	1.643779993
867	1.643781304
868	1.643782616
869	1.643783927
870	1.643785238
871	1.643786550
872	1.643787861
873	1.643789172
874	1.643790483
875	1.643791795
876	1.643793106
877	1.643794417
878	1.643795729
879	1.643797040
880	1.643798351
881	1.643799663
882	1.643800974
883	1.643802285
884	1.643803596
885	1.643804908
886	1.643806219
887	1.643807530
888	1.643808842
889	1.643810153
890	1.643811464
891	1.643812776
892	1.643814087
893	1.643815398
894	1.643816590
895	1.643817782
896	1.643818974
897	1.643820167
898	1.643821359
899	1.643822551
900	1.643823743
901	1.643824935
902	1.643826127
903	1.643827319
904	1.643828511
905	1.643829703
906	1.643830895
907	1.643832088
908	1.643833280
909	1.643834472
910	1.643835664
911	1.643836856
912	1.643838048
913	1.643839240
914	1.643840432
915	1.643841624
916	1.643842816
917	1.643844008
918	1.643845201
919	1.643846393
920	1.643847585
921	1.643848777
922	1.643849969
923	1.643851161
924	1.643852353
925	1.643853545
926	1.643854737
927	1.643855929
928	1.643857121
929	1.643858314
930	1.643859506
931	1.643860698
932	1.643861890
933	1.643863082
934	1.643864274
935	1.643865466
936	1.643866658
937	1.643867850
938	1.643869042
939	1.643870234
940	1.643871307
941	1.643872380
942	1.643873453
943	1.643874526
944	1.643875599
945	1.643876672
946	1.643877745
947	1.643878818
948	1.643879890
949	1.643880963
950	1.643882036
951	1.643883109
952	1.643884182
953	1.643885255
954	1.643886328
955	1.643887401
956	1.643888474
957	1.643889546
958	1.643890619
959	1.643891692
960	1.643892765
961	1.643893838
962	1.643894911
963	1.643895984
964	1.643897057
965	1.643898129
966	1.643899202
967	1.643900275
968	1.643901348
969	1.643902421
970	1.643903494
971	1.643904567
972	1.643905640
973	1.643906713
974	1.643907785
975	1.643908858
976	1.643909931
977	1.643911004
978	1.643912077
979	1.643913150
980	1.643914223
981	1.643915296
982	1.643916368
983	1.643917441
984	1.643918514
985	1.643919587
986	1.643920660
987	1.643921733
988	1.643922806
989	1.643923879
990	1.643924952
991	1.643926024
992	1.643927097
993	1.643928170
994	1.643929124
