2	434
2	433
2	432
2	431
2	430
2	429
2	428
2	427
2	426
2	425
2	424
2	423
2	422
2	421
2	420
2	419
2	418
2	417
2	416
2	415
2	414
2	413
2	412
2	411
2	410
2	409
2	408
2	407
2	406
2	405
2	404
2	403
2	402
2	401
2	400
2	399
2	398
2	397
2	396
2	395
2	394
2	393
2	392
2	391
2	390
2	389
2	388
2	387
2	386
2	385
2	384
2	383
2	382
2	381
2	380
2	379
2	378
2	377
2	376
2	375
2	374
2	373
2	372
2	371
2	370
2	369
2	368
2	367
2	366
2	365
2	364
2	363
2	362
2	361
2	360
2	359
2	358
2	357
2	356
2	355
2	354
2	353
2	352
2	351
2	350
2	349
2	348
2	347
2	346
2	345
2	344
2	343
2	342
2	341
2	340
2	339
2	338
2	337
2	336
2	335
2	334
2	333
2	332
2	331
2	330
2	329
2	328
2	327
2	326
2	325
2	324
2	323
2	322
2	321
2	320
2	319
2	318
2	317
2	316
2	315
2	314
2	313
2	312
2	311
2	310
2	309
2	308
2	307
2	306
2	305
2	304
2	303
2	302
2	301
2	300
2	299
2	298
2	297
2	296
2	295
2	294
2	293
2	292
2	291
2	290
2	289
2	288
2	287
2	286
2	285
2	284
2	283
2	282
2	281
2	280
2	279
2	278
2	277
2	276
2	275
2	274
2	273
2	272
2	271
2	270
2	269
2	268
2	267
2	266
2	265
2	264
2	263
2	262
2	261
2	260
2	259
2	258
2	257
2	256
2	255
2	254
2	253
2	252
2	251
2	250
2	249
2	248
2	247
2	246
2	245
2	244
2	243
2	242
2	241
2	225
2	224
2	223
2	222
2	221
2	220
2	219
2	218
2	217
2	216
2	215
2	214
2	213
2	212
2	211
2	210
2	209
2	208
2	207
2	206
2	205
2	204
2	203
2	202
2	201
2	200
2	199
2	198
2	197
2	196
2	195
2	194
2	193
2	192
2	191
2	190
2	189
2	188
2	187
2	186
2	185
2	184
2	183
2	182
2	181
2	180
2	179
2	178
2	177
2	176
2	175
2	174
2	173
2	172
2	171
2	170
2	169
2	168
2	167
2	166
2	165
2	164
2	163
2	162
2	161
2	160
2	159
2	158
2	157
2	156
2	155
2	154
2	153
2	152
2	151
2	150
2	149
2	148
2	147
2	146
2	145
2	144
2	143
2	142
2	141
2	140
2	139
2	138
2	137
2	136
2	135
2	134
2	133
2	132
2	131
2	130
2	129
2	128
2	127
2	126
2	125
2	124
2	123
2	122
2	121
2	120
2	119
2	118
2	117
2	116
2	115
2	114
2	113
2	112
2	111
2	110
2	109
2	108
2	107
2	106
2	105
2	104
2	103
2	102
2	101
2	100
2	99
2	98
2	97
2	96
2	95
2	94
2	93
2	92
2	91
2	90
2	89
2	88
2	87
2	86
2	85
2	84
2	83
2	82
2	81
2	80
2	79
2	78
2	77
2	76
2	75
2	74
2	73
2	72
2	71
2	70
2	69
2	68
2	67
2	66
2	65
2	64
2	63
2	62
2	61
2	60
2	59
2	58
2	57
2	56
2	55
2	54
2	53
2	52
2	51
2	50
2	49
2	48
2	47
2	46
2	45
2	44
2	43
2	42
2	41
2	40
2	39
2	38
2	37
2	36
2	35
2	34
2	33
2	32
2	31
3	434
3	31
4	434
4	381
4	331
4	281
4	181
4	131
4	81
4	31
5	434
5	31
6	434
6	31
7	434
7	31
8	434
8	31
9	434
9	381
9	331
9	281
9	181
9	131
9	81
9	31
10	434
10	31
11	434
11	31
12	434
12	31
13	434
13	31
14	434
14	381
14	376
14	371
14	366
14	356
14	351
14	346
14	341
14	336
14	331
14	326
14	321
14	316
14	311
14	306
14	301
14	296
14	291
14	286
14	281
14	276
14	271
14	266
14	261
14	256
14	251
14	246
14	241
14	221
14	216
14	211
14	206
14	201
14	196
14	191
14	186
14	181
14	176
14	171
14	166
14	156
14	151
14	146
14	141
14	136
14	131
14	126
14	121
14	116
14	111
14	106
14	101
14	96
14	91
14	86
14	81
14	76
14	71
14	66
14	61
14	56
14	51
14	46
14	41
14	36
14	31
15	434
15	31
16	434
16	31
17	434
17	31
18	434
18	31
19	434
19	381
19	331
19	281
19	230
19	229
19	181
19	131
19	81
19	31
20	434
20	31
21	434
21	231
21	31
22	434
22	231
22	31
23	434
23	31
24	434
24	381
24	331
24	281
24	233
24	232
24	230
24	229
24	181
24	131
24	81
24	31
25	434
25	31
26	434
26	31
27	434
27	231
27	31
28	434
28	231
28	31
29	434
29	381
29	331
29	281
29	233
29	232
29	230
29	229
29	181
29	81
29	31
30	434
30	31
31	434
31	31
32	434
32	31
33	434
33	231
33	31
34	434
34	381
34	331
34	281
34	233
34	232
34	231
34	230
34	229
34	181
34	131
34	81
34	31
35	434
35	31
36	434
36	31
37	434
37	31
38	434
38	31
39	434
39	381
39	331
39	281
39	233
39	232
39	231
39	230
39	229
39	181
39	131
39	81
39	31
40	434
40	231
40	31
41	434
41	31
42	434
42	31
43	434
43	31
44	434
44	381
44	331
44	281
44	233
44	232
44	230
44	229
44	181
44	131
44	81
44	31
45	434
45	231
45	31
46	434
46	231
46	31
47	434
47	31
48	434
48	31
49	434
49	381
49	331
49	281
49	233
49	232
49	230
49	229
49	181
49	131
49	81
49	31
50	434
50	31
51	434
51	231
51	31
52	434
52	231
52	31
53	434
53	31
54	434
54	381
54	331
54	281
54	233
54	232
54	230
54	229
54	181
54	131
54	81
54	31
55	434
55	31
56	434
56	31
57	434
57	231
57	31
58	434
58	231
58	31
59	434
59	381
59	331
59	281
59	233
59	232
59	230
59	229
59	181
59	131
59	81
59	31
60	434
60	31
61	434
61	31
62	434
62	31
63	434
63	231
63	31
64	434
64	381
64	376
64	371
64	366
64	361
64	356
64	351
64	346
64	341
64	336
64	331
64	326
64	321
64	316
64	311
64	306
64	301
64	296
64	291
64	286
64	281
64	276
64	271
64	266
64	261
64	256
64	251
64	246
64	241
64	236
64	233
64	232
64	231
64	230
64	229
64	226
64	221
64	216
64	211
64	206
64	201
64	196
64	191
64	186
64	181
64	176
64	171
64	166
64	161
64	156
64	151
64	146
64	141
64	136
64	131
64	126
64	116
64	111
64	106
64	101
64	96
64	91
64	86
64	81
64	76
64	71
64	66
64	61
64	56
64	51
64	46
64	41
64	36
64	31
65	434
65	31
66	434
66	31
67	434
67	31
68	434
68	31
69	434
69	381
69	331
69	281
69	233
69	232
69	231
69	230
69	229
69	181
69	81
69	31
70	434
70	231
70	31
71	434
71	31
72	434
72	31
73	434
73	31
74	434
74	381
74	331
74	281
74	233
74	232
74	230
74	229
74	181
74	131
74	81
74	31
75	434
75	231
75	31
76	434
76	231
76	31
77	434
77	31
78	434
78	31
79	434
79	381
79	331
79	281
79	233
79	232
79	230
79	229
79	181
79	131
79	81
79	31
80	434
80	31
81	434
81	231
81	31
82	434
82	231
82	31
83	434
83	31
84	434
84	381
84	331
84	281
84	233
84	232
84	230
84	229
84	181
84	131
84	81
84	31
85	434
85	31
86	434
86	31
87	434
87	231
87	31
88	434
88	231
88	31
89	434
89	381
89	331
89	281
89	233
89	232
89	230
89	229
89	181
89	131
89	81
89	31
90	434
90	31
91	434
91	31
92	434
92	31
93	434
93	231
93	31
94	434
94	381
94	331
94	281
94	233
94	232
94	231
94	230
94	229
94	181
94	131
94	81
94	31
95	434
95	31
96	434
96	31
97	434
97	31
98	434
98	31
99	434
99	381
99	331
99	281
99	233
99	232
99	231
99	230
99	229
99	181
99	131
99	81
99	31
100	434
100	231
100	31
101	434
101	31
102	434
102	31
103	434
103	31
104	434
104	381
104	331
104	281
104	233
104	232
104	230
104	229
104	181
104	131
104	81
104	31
105	434
105	231
105	31
106	434
106	231
106	31
107	434
107	31
108	434
108	31
109	434
109	381
109	331
109	281
109	233
109	232
109	230
109	229
109	181
109	131
109	81
109	31
110	434
110	31
111	434
111	31
112	434
112	231
112	31
113	434
113	31
114	434
114	416
114	411
114	406
114	401
114	396
114	391
114	386
114	381
114	376
114	371
114	366
114	356
114	351
114	346
114	341
114	336
114	331
114	326
114	321
114	316
114	311
114	306
114	301
114	296
114	291
114	286
114	281
114	276
114	271
114	266
114	261
114	256
114	251
114	246
114	236
114	233
114	232
114	230
114	229
114	226
114	221
114	216
114	211
114	206
114	201
114	196
114	191
114	186
114	181
114	176
114	171
114	166
114	161
114	156
114	151
114	146
114	141
114	136
114	131
114	126
114	121
114	116
114	111
114	106
114	101
114	96
114	91
114	86
114	81
114	76
114	71
114	66
114	61
114	56
114	51
114	46
114	41
114	36
114	31
115	434
115	31
116	434
116	31
117	434
117	231
117	31
118	434
118	231
118	31
119	434
119	381
119	331
119	281
119	233
119	232
119	230
119	229
119	181
119	131
119	81
119	31
120	434
120	31
121	434
121	31
122	434
122	31
123	434
123	231
123	31
124	434
124	381
124	331
124	281
124	233
124	232
124	231
124	230
124	229
124	181
124	131
124	81
124	31
125	434
125	31
126	434
126	31
127	434
127	31
128	434
128	31
129	434
129	381
129	331
129	233
129	232
129	231
129	230
129	229
129	181
129	131
129	81
129	31
130	434
130	231
130	31
131	434
131	31
132	434
132	31
133	434
133	31
134	434
134	381
134	331
134	281
134	233
134	232
134	230
134	229
134	181
134	131
134	81
134	31
135	434
135	231
135	31
136	434
136	231
136	31
137	434
137	31
138	434
138	31
139	434
139	381
139	331
139	281
139	233
139	232
139	230
139	229
139	181
139	131
139	81
139	31
140	434
140	31
141	434
141	231
141	31
142	434
142	231
142	31
143	434
143	31
144	434
144	381
144	331
144	281
144	233
144	232
144	230
144	229
144	181
144	131
144	81
144	31
145	434
145	31
146	434
146	31
147	434
147	231
147	31
148	434
148	231
148	31
149	434
149	381
149	331
149	281
149	233
149	232
149	230
149	229
149	181
149	131
149	81
149	31
150	434
150	31
151	434
151	31
152	434
152	31
153	434
153	231
153	31
154	434
154	381
154	331
154	281
154	233
154	232
154	231
154	230
154	229
154	181
154	131
154	81
154	31
155	434
155	31
156	434
156	31
157	434
157	31
158	434
158	31
159	434
159	381
159	331
159	281
159	233
159	232
159	231
159	230
159	229
159	181
159	131
159	81
159	31
160	434
160	231
160	31
161	434
161	31
162	434
162	31
163	434
163	31
164	434
164	431
164	426
164	421
164	416
164	411
164	406
164	401
164	396
164	391
164	386
164	381
164	376
164	371
164	366
164	356
164	346
164	341
164	336
164	331
164	326
164	321
164	316
164	311
164	306
164	301
164	296
164	291
164	286
164	281
164	276
164	271
164	266
164	261
164	256
164	251
164	246
164	241
164	236
164	233
164	232
164	230
164	229
164	226
164	221
164	216
164	211
164	206
164	201
164	196
164	191
164	186
164	181
164	176
164	171
164	166
164	161
164	156
164	151
164	146
164	141
164	136
164	131
164	126
164	121
164	116
164	111
164	106
164	101
164	96
164	91
164	86
164	81
164	76
164	71
164	66
164	61
164	56
164	51
164	46
164	41
164	36
164	31
165	434
165	231
165	31
166	434
166	231
166	31
167	434
167	31
168	434
168	31
169	434
169	381
169	331
169	281
169	233
169	232
169	230
169	229
169	181
169	131
169	81
169	31
170	434
170	31
171	434
171	231
171	31
172	434
172	231
172	31
173	434
173	31
174	434
174	381
174	331
174	281
174	233
174	232
174	230
174	229
174	181
174	131
174	81
174	31
175	434
175	31
176	434
176	31
177	434
177	231
177	31
178	434
178	231
178	31
179	434
179	381
179	331
179	281
179	233
179	232
179	230
179	229
179	181
179	131
179	81
179	31
180	434
180	31
181	434
181	31
182	434
182	31
183	434
183	231
183	31
184	434
184	381
184	331
184	281
184	233
184	232
184	231
184	230
184	229
184	181
184	131
184	81
184	31
185	434
185	31
186	434
186	31
187	434
187	31
188	434
188	31
189	434
189	381
189	331
189	281
189	233
189	232
189	231
189	230
189	229
189	181
189	131
189	81
189	31
190	434
190	231
190	31
191	434
191	31
192	434
192	31
193	434
193	31
194	434
194	381
194	331
194	281
194	233
194	232
194	230
194	229
194	181
194	131
194	81
194	31
195	434
195	231
195	31
196	434
196	231
196	31
197	434
197	31
198	434
198	31
199	434
199	381
199	281
199	233
199	232
199	230
199	229
199	181
199	131
199	81
199	31
200	434
200	31
201	434
201	231
201	31
202	434
202	231
202	31
203	434
203	31
204	434
204	381
204	331
204	281
204	233
204	232
204	230
204	229
204	181
204	131
204	81
204	31
205	434
205	31
206	434
206	31
207	434
207	231
207	31
208	434
208	231
208	31
209	434
209	381
209	331
209	281
209	233
209	232
209	230
209	229
209	181
209	131
209	81
209	31
210	434
210	31
211	434
211	31
212	434
212	31
213	434
213	231
213	31
214	434
214	431
214	426
214	421
214	416
214	411
214	406
214	401
214	396
214	391
214	386
214	381
214	376
214	371
214	366
214	361
214	356
214	351
214	346
214	341
214	336
214	331
214	326
214	321
214	316
214	311
214	306
214	296
214	291
214	286
214	281
214	276
214	271
214	266
214	261
214	256
214	251
214	246
214	241
214	236
214	233
214	232
214	231
214	230
214	229
214	226
214	221
214	216
214	211
214	206
214	201
214	196
214	191
214	186
214	181
214	176
214	171
214	166
214	161
214	156
214	151
214	146
214	141
214	136
214	131
214	126
214	121
214	116
214	111
214	106
214	101
214	96
214	91
214	86
214	81
214	76
214	71
214	66
214	61
214	56
214	51
214	46
214	41
214	36
214	31
215	434
215	31
216	434
216	31
217	434
217	31
218	434
218	31
219	434
219	381
219	331
219	281
219	233
219	232
219	231
219	230
219	229
219	181
219	131
219	81
219	31
220	434
220	231
220	31
221	434
221	31
222	434
222	31
223	434
223	31
224	434
224	381
224	331
224	281
224	233
224	232
224	230
224	229
224	181
224	131
224	81
224	31
225	434
225	231
225	31
226	434
226	231
226	31
227	434
227	31
228	434
228	31
229	434
229	381
229	331
229	281
229	233
229	232
229	230
229	229
229	181
229	131
229	81
229	31
230	434
230	31
231	434
231	231
231	31
232	434
232	231
232	31
233	434
233	31
234	434
234	381
234	331
234	281
234	233
234	232
234	230
234	229
234	181
234	131
234	81
234	31
235	434
235	31
236	434
236	31
237	434
237	231
237	31
238	434
238	231
238	31
239	434
239	381
239	331
239	281
239	230
239	229
239	181
239	131
239	81
239	31
240	434
240	31
241	434
241	31
242	434
242	31
243	434
243	231
243	31
244	434
244	381
244	331
244	281
244	233
244	232
244	231
244	230
244	229
244	181
244	131
244	81
244	31
245	434
245	31
246	434
246	31
247	434
247	31
248	434
248	31
249	434
249	381
249	331
249	281
249	233
249	232
249	231
249	230
249	229
249	181
249	131
249	81
249	31
250	434
250	231
250	31
251	434
251	31
252	434
252	31
253	434
253	31
254	434
254	381
254	331
254	281
254	233
254	232
254	230
254	229
254	181
254	131
254	81
254	31
255	434
255	231
255	31
256	434
256	231
256	31
257	434
257	31
258	434
258	31
259	434
259	381
259	331
259	281
259	233
259	232
259	230
259	229
259	131
259	81
259	31
260	434
260	31
261	434
261	231
261	31
262	434
262	231
262	31
263	434
263	31
264	434
264	431
264	426
264	421
264	416
264	411
264	406
264	401
264	396
264	391
264	386
264	381
264	376
264	371
264	366
264	356
264	351
264	346
264	341
264	336
264	331
264	326
264	321
264	316
264	311
264	306
264	301
264	296
264	291
264	286
264	281
264	276
264	271
264	266
264	261
264	256
264	251
264	246
264	241
264	236
264	233
264	232
264	230
264	229
264	226
264	221
264	216
264	211
264	206
264	201
264	196
264	191
264	186
264	181
264	176
264	171
264	166
264	161
264	156
264	151
264	146
264	141
264	136
264	131
264	126
264	121
264	116
264	111
264	106
264	101
264	96
264	91
264	86
264	81
264	76
264	71
264	66
264	61
264	56
264	51
264	46
264	41
264	36
264	31
265	434
265	31
266	434
266	31
267	434
267	231
267	31
268	434
268	231
268	31
269	434
269	381
269	331
269	281
269	233
269	232
269	230
269	229
269	181
269	131
269	81
269	31
270	434
270	31
271	434
271	31
272	434
272	31
273	434
273	231
273	31
274	434
274	381
274	331
274	281
274	233
274	232
274	231
274	230
274	229
274	181
274	131
274	81
274	31
275	434
275	31
276	434
276	31
277	434
277	31
278	434
278	31
279	434
279	381
279	331
279	281
279	233
279	232
279	231
279	230
279	229
279	181
279	131
279	81
279	31
280	434
280	231
280	31
281	434
281	31
282	434
282	31
283	434
283	31
284	434
284	381
284	331
284	281
284	233
284	232
284	230
284	229
284	181
284	131
284	81
284	31
285	434
285	231
285	31
286	434
286	231
286	31
287	434
287	31
288	434
288	31
289	434
289	381
289	331
289	281
289	233
289	232
289	230
289	229
289	181
289	131
289	81
289	31
290	434
290	31
291	434
291	231
291	31
292	434
292	231
292	31
293	434
293	31
294	434
294	381
294	331
294	281
294	233
294	232
294	230
294	229
294	181
294	131
294	81
294	31
295	434
295	31
296	434
296	31
297	434
297	231
297	31
298	434
298	231
298	31
299	434
299	381
299	331
299	281
299	233
299	232
299	230
299	229
299	181
299	131
299	81
299	31
300	434
300	31
301	434
301	31
302	434
302	31
303	434
303	231
303	31
304	434
304	381
304	331
304	281
304	233
304	232
304	231
304	230
304	229
304	181
304	131
304	81
304	31
305	434
305	31
306	434
306	31
307	434
307	31
308	434
308	31
309	434
309	381
309	331
309	281
309	233
309	232
309	231
309	230
309	229
309	181
309	131
309	81
309	31
310	434
310	231
310	31
311	434
311	31
312	434
312	31
313	434
313	31
314	434
314	431
314	426
314	421
314	416
314	411
314	406
314	401
314	396
314	391
314	386
314	381
314	376
314	371
314	366
314	356
314	351
314	346
314	341
314	336
314	331
314	326
314	321
314	316
314	311
314	306
314	301
314	296
314	291
314	286
314	281
314	276
314	271
314	266
314	261
314	256
314	251
314	246
314	241
314	236
314	233
314	232
314	230
314	229
314	226
314	221
314	216
314	211
314	206
314	201
314	196
314	191
314	186
314	181
314	176
314	171
314	166
314	161
314	156
314	151
314	146
314	141
314	136
314	131
314	126
314	121
314	116
314	111
314	106
314	101
314	96
314	91
314	86
314	81
314	76
314	71
314	66
314	61
314	56
314	51
314	46
314	41
314	36
314	31
315	434
315	231
315	31
316	434
316	231
316	31
317	434
317	31
318	434
318	31
319	434
319	381
319	331
319	281
319	233
319	232
319	230
319	229
319	181
319	131
319	81
319	31
320	434
320	31
321	434
321	231
321	31
322	434
322	231
322	31
323	434
323	31
324	434
324	381
324	331
324	281
324	233
324	232
324	230
324	229
324	181
324	131
324	81
324	31
325	434
325	31
326	434
326	31
327	434
327	231
327	31
328	434
328	231
328	31
329	434
329	381
329	331
329	281
329	233
329	232
329	230
329	229
329	181
329	131
329	81
329	31
330	434
330	31
331	434
331	31
332	434
332	31
333	434
333	231
333	31
334	434
334	381
334	331
334	281
334	233
334	232
334	231
334	230
334	229
334	181
334	131
334	81
334	31
335	434
335	31
336	434
336	31
337	434
337	31
338	434
338	31
339	434
339	381
339	331
339	281
339	233
339	232
339	231
339	230
339	229
339	181
339	131
339	81
339	31
340	434
340	231
340	31
341	434
341	31
342	434
342	31
343	434
343	31
344	434
344	381
344	331
344	281
344	233
344	232
344	230
344	229
344	131
344	81
344	31
345	434
345	231
345	31
346	434
346	231
346	31
347	434
347	31
348	434
348	31
349	434
349	381
349	331
349	281
349	233
349	232
349	230
349	229
349	181
349	131
349	81
349	31
350	434
350	31
351	434
351	231
351	31
352	434
352	231
352	31
353	434
353	31
354	434
354	381
354	331
354	281
354	233
354	232
354	230
354	229
354	181
354	131
354	81
354	31
355	434
355	31
356	434
356	31
357	434
357	231
357	31
358	434
358	231
358	31
359	434
359	381
359	331
359	281
359	233
359	232
359	230
359	229
359	181
359	131
359	81
359	31
360	434
360	31
361	434
361	31
362	434
362	421
362	416
362	391
362	386
362	356
362	331
362	326
362	301
362	296
362	271
362	266
362	241
362	236
362	211
362	206
362	181
362	176
362	151
362	146
362	121
362	116
362	91
362	86
362	61
362	56
362	31
363	434
363	431
363	426
363	421
363	416
363	411
363	406
363	401
363	396
363	391
363	386
363	381
363	376
363	371
363	366
363	361
363	356
363	351
363	346
363	341
363	336
363	331
363	326
363	321
363	316
363	311
363	306
363	301
363	296
363	291
363	286
363	281
363	276
363	271
363	266
363	261
363	256
363	251
363	246
363	241
363	236
363	226
363	221
363	216
363	211
363	206
363	201
363	196
363	191
363	186
363	181
363	176
363	171
363	166
363	161
363	156
363	151
363	146
363	141
363	136
363	131
363	126
363	121
363	116
363	111
363	106
363	101
363	96
363	91
363	86
363	81
363	76
363	71
363	66
363	61
363	56
363	51
363	46
363	41
363	36
363	31
364	434
364	433
364	432
364	431
364	430
364	429
364	428
364	427
364	426
364	425
364	424
364	423
364	422
364	421
364	420
364	419
364	418
364	417
364	416
364	415
364	414
364	413
364	412
364	411
364	410
364	409
364	408
364	407
364	406
364	405
364	404
364	403
364	402
364	401
364	400
364	399
364	398
364	397
364	396
364	395
364	394
364	393
364	392
364	391
364	390
364	389
364	388
364	387
364	386
364	385
364	384
364	383
364	382
364	381
364	380
364	379
364	378
364	377
364	376
364	375
364	374
364	373
364	372
364	371
364	370
364	369
364	368
364	367
364	366
364	365
364	364
364	363
364	362
364	361
364	360
364	359
364	358
364	357
364	356
364	355
364	354
364	353
364	352
364	351
364	350
364	349
364	348
364	347
364	346
364	345
364	344
364	343
364	342
364	341
364	340
364	339
364	338
364	337
364	336
364	335
364	334
364	333
364	332
364	331
364	330
364	329
364	328
364	327
364	326
364	325
364	324
364	323
364	322
364	321
364	320
364	319
364	318
364	317
364	316
364	315
364	314
364	313
364	312
364	311
364	310
364	309
364	308
364	307
364	306
364	305
364	304
364	303
364	302
364	301
364	300
364	299
364	298
364	297
364	296
364	295
364	294
364	293
364	292
364	291
364	290
364	289
364	288
364	287
364	286
364	285
364	284
364	283
364	282
364	281
364	280
364	279
364	278
364	277
364	276
364	275
364	274
364	273
364	272
364	271
364	270
364	269
364	268
364	267
364	266
364	265
364	264
364	263
364	262
364	261
364	260
364	259
364	258
364	257
364	256
364	255
364	254
364	253
364	252
364	251
364	250
364	249
364	248
364	247
364	246
364	245
364	244
364	243
364	242
364	241
364	240
364	239
364	238
364	237
364	231
364	230
364	229
364	228
364	227
364	226
364	225
364	224
364	223
364	222
364	221
364	220
364	219
364	218
364	217
364	216
364	215
364	214
364	213
364	212
364	211
364	210
364	209
364	208
364	207
364	206
364	205
364	204
364	203
364	202
364	201
364	200
364	199
364	198
364	197
364	196
364	195
364	194
364	193
364	192
364	191
364	190
364	189
364	188
364	187
364	186
364	185
364	184
364	183
364	182
364	181
364	180
364	179
364	178
364	177
364	176
364	175
364	174
364	173
364	172
364	171
364	170
364	169
364	168
364	167
364	166
364	165
364	164
364	163
364	162
364	161
364	160
364	159
364	158
364	157
364	156
364	155
364	154
364	153
364	152
364	151
364	150
364	149
364	148
364	147
364	146
364	145
364	144
364	143
364	142
364	141
364	140
364	139
364	138
364	137
364	136
364	135
364	134
364	133
364	132
364	131
364	130
364	129
364	128
364	127
364	126
364	125
364	124
364	123
364	122
364	121
364	120
364	119
364	118
364	117
364	116
364	115
364	114
364	113
364	112
364	111
364	110
364	109
364	108
364	107
364	106
364	105
364	104
364	103
364	102
364	101
364	100
364	99
364	98
364	97
364	96
364	95
364	94
364	93
364	92
364	91
364	90
364	89
364	88
364	87
364	86
364	85
364	84
364	83
364	82
364	81
364	80
364	79
364	78
364	77
364	76
364	75
364	74
364	73
364	72
364	71
364	70
364	69
364	68
364	67
364	66
364	65
364	64
364	63
364	62
364	61
364	60
364	59
364	58
364	57
364	56
364	55
364	54
364	53
364	52
364	51
364	50
364	49
364	48
364	47
364	46
364	45
364	44
364	43
364	42
364	41
364	40
364	39
364	38
364	37
364	36
364	35
364	34
364	33
364	32
364	31
365	434
365	431
365	426
365	421
365	416
365	411
365	406
365	401
365	396
365	391
365	386
365	381
365	376
365	371
365	366
365	356
365	351
365	346
365	341
365	336
365	331
365	326
365	321
365	316
365	311
365	306
365	301
365	296
365	291
365	286
365	281
365	276
365	271
365	266
365	261
365	256
365	251
365	246
365	241
365	226
365	221
365	216
365	211
365	206
365	201
365	196
365	191
365	186
365	181
365	176
365	171
365	166
365	161
365	156
365	151
365	146
365	141
365	136
365	131
365	126
365	121
365	116
365	111
365	106
365	101
365	96
365	91
365	86
365	81
365	76
365	71
365	66
365	61
365	56
365	51
365	46
365	41
365	36
365	31
366	434
366	431
366	426
366	421
366	416
366	411
366	406
366	401
366	396
366	391
366	386
366	381
366	376
366	371
366	366
366	356
366	351
366	346
366	341
366	336
366	331
366	326
366	321
366	316
366	311
366	306
366	301
366	296
366	291
366	286
366	281
366	276
366	271
366	266
366	261
366	256
366	251
366	246
366	236
366	226
366	221
366	216
366	211
366	206
366	201
366	196
366	191
366	186
366	181
366	176
366	171
366	166
366	161
366	156
366	151
366	146
366	141
366	136
366	131
366	126
366	121
366	116
366	111
366	106
366	101
366	96
366	91
366	86
366	81
366	76
366	71
366	66
366	61
366	56
366	51
366	46
366	41
366	36
366	31
367	434
367	31
368	434
368	31
369	434
369	381
369	331
369	281
369	233
369	232
369	231
369	230
369	229
369	181
369	131
369	81
369	31
370	434
370	231
370	31
371	434
371	31
372	434
372	31
373	434
373	31
374	434
374	381
374	331
374	281
374	233
374	232
374	230
374	229
374	181
374	131
374	81
374	31
375	434
375	231
375	31
376	434
376	231
376	31
377	434
377	31
378	434
378	31
379	434
379	381
379	331
379	281
379	233
379	232
379	230
379	229
379	181
379	131
379	81
379	31
380	434
380	31
381	434
381	231
381	31
382	434
382	231
382	31
383	434
383	31
384	434
384	381
384	331
384	281
384	233
384	232
384	230
384	229
384	181
384	131
384	81
384	31
385	434
385	31
386	434
386	31
387	434
387	231
387	31
388	434
388	231
388	31
389	434
389	381
389	331
389	281
389	233
389	232
389	230
389	229
389	181
389	131
389	81
389	31
390	434
390	31
391	434
391	31
392	434
392	31
393	434
393	231
393	31
394	434
394	381
394	331
394	281
394	233
394	232
394	231
394	230
394	229
394	181
394	131
394	81
394	31
395	434
395	31
396	434
396	31
397	434
397	31
398	434
398	31
399	434
399	381
399	331
399	281
399	233
399	232
399	231
399	230
399	229
399	181
399	131
399	81
399	31
400	434
400	231
400	31
401	434
401	31
402	434
402	31
403	434
403	31
404	434
404	381
404	281
404	233
404	232
404	230
404	229
404	181
404	131
404	81
404	31
405	434
405	231
405	31
406	434
406	231
406	31
407	434
407	31
408	434
408	31
409	434
409	381
409	331
409	281
409	233
409	232
409	230
409	229
409	181
409	131
409	81
409	31
410	434
410	31
411	434
411	231
411	31
412	434
412	231
412	31
413	434
413	31
414	434
414	431
414	426
414	421
414	416
414	411
414	406
414	401
414	396
414	391
414	386
414	381
414	376
414	371
414	366
414	356
414	351
414	346
414	341
414	336
414	331
414	326
414	321
414	316
414	311
414	306
414	301
414	296
414	291
414	286
414	281
414	276
414	271
414	266
414	261
414	256
414	251
414	246
414	241
414	236
414	233
414	232
414	230
414	229
414	226
414	221
414	216
414	211
414	206
414	201
414	196
414	191
414	186
414	181
414	176
414	171
414	166
414	161
414	156
414	151
414	146
414	141
414	136
414	131
414	126
414	121
414	116
414	111
414	106
414	101
414	96
414	91
414	86
414	81
414	76
414	71
414	66
414	61
414	56
414	51
414	46
414	41
414	36
414	31
415	434
415	31
416	434
416	31
417	434
417	231
417	31
418	434
418	231
418	31
419	434
419	381
419	331
419	281
419	233
419	232
419	230
419	229
419	181
419	131
419	81
419	31
420	434
420	31
421	434
421	31
422	434
422	31
423	434
423	231
423	31
424	434
424	381
424	331
424	281
424	233
424	232
424	231
424	230
424	229
424	181
424	131
424	81
424	31
425	434
425	31
426	434
426	31
427	434
427	31
428	434
428	31
429	434
429	381
429	331
429	281
429	233
429	232
429	231
429	230
429	229
429	181
429	131
429	81
429	31
430	434
430	231
430	31
431	434
431	31
432	434
432	31
433	434
433	31
434	434
434	381
434	331
434	281
434	233
434	232
434	230
434	229
434	181
434	131
434	81
434	31
435	434
435	231
435	31
436	434
436	231
436	31
437	434
437	31
438	434
438	31
439	434
439	381
439	331
439	281
439	233
439	232
439	230
439	229
439	181
439	131
439	81
439	31
440	434
440	31
441	434
441	231
441	31
442	434
442	231
442	31
443	434
443	31
444	434
444	381
444	331
444	281
444	233
444	232
444	230
444	229
444	181
444	131
444	81
444	31
445	434
445	31
446	434
446	31
447	434
447	231
447	31
448	434
448	231
448	31
449	434
449	381
449	331
449	281
449	233
449	232
449	230
449	229
449	181
449	131
449	81
449	31
450	434
450	31
451	434
451	31
452	434
452	31
453	434
453	231
453	31
454	434
454	381
454	331
454	281
454	233
454	232
454	231
454	230
454	229
454	181
454	131
454	81
454	31
455	434
455	31
456	434
456	31
457	434
457	31
458	434
458	31
459	434
459	381
459	331
459	281
459	233
459	232
459	231
459	230
459	229
459	181
459	131
459	81
459	31
460	434
460	231
460	31
461	434
461	31
462	434
462	31
463	434
463	31
464	434
464	431
464	426
464	421
464	416
464	411
464	406
464	401
464	396
464	391
464	386
464	381
464	376
464	371
464	366
464	356
464	351
464	346
464	341
464	336
464	331
464	326
464	321
464	316
464	311
464	296
464	291
464	286
464	281
464	276
464	271
464	266
464	261
464	256
464	251
464	246
464	241
464	236
464	233
464	232
464	230
464	229
464	226
464	221
464	216
464	211
464	206
464	201
464	196
464	191
464	186
464	181
464	176
464	171
464	166
464	161
464	156
464	151
464	146
464	141
464	136
464	131
464	126
464	121
464	116
464	111
464	106
464	101
464	96
464	91
464	86
464	81
464	76
464	71
464	66
464	61
464	56
464	51
464	46
464	41
464	36
464	31
465	434
465	231
465	31
466	434
466	231
466	31
467	434
467	31
468	434
468	31
469	434
469	381
469	331
469	281
469	233
469	232
469	230
469	229
469	181
469	131
469	81
469	31
470	434
470	31
471	434
471	231
471	31
472	434
472	231
472	31
473	434
473	31
474	434
474	381
474	331
474	233
474	232
474	230
474	229
474	181
474	131
474	81
474	31
475	434
475	31
476	434
476	31
477	434
477	231
477	31
478	434
478	231
478	31
479	434
479	381
479	331
479	281
479	233
479	232
479	230
479	229
479	181
479	131
479	81
479	31
480	434
480	31
481	434
481	31
482	434
482	31
483	434
483	231
483	31
484	434
484	381
484	331
484	281
484	233
484	232
484	231
484	230
484	229
484	181
484	131
484	81
484	31
485	434
485	31
486	434
486	31
487	434
487	31
488	434
488	31
489	434
489	381
489	331
489	281
489	233
489	232
489	231
489	230
489	229
489	181
489	131
489	81
489	31
490	434
490	231
490	31
491	434
491	31
492	434
492	31
493	434
493	31
494	434
494	381
494	331
494	281
494	233
494	232
494	230
494	229
494	181
494	131
494	81
494	31
495	434
495	231
495	31
496	434
496	231
496	31
497	434
497	31
498	434
498	31
499	434
499	381
499	331
499	281
499	233
499	232
499	230
499	229
499	181
499	131
499	81
499	31
500	434
500	31
501	434
501	231
501	31
502	434
502	231
502	31
503	434
503	31
504	434
504	381
504	331
504	281
504	233
504	232
504	230
504	229
504	181
504	131
504	81
504	31
505	434
505	31
506	434
506	31
507	434
507	231
507	31
508	434
508	231
508	31
509	434
509	381
509	331
509	281
509	233
509	232
509	230
509	229
509	181
509	131
509	81
509	31
510	434
510	31
511	434
511	31
512	434
512	31
513	434
513	231
513	31
514	434
514	431
514	426
514	421
514	416
514	411
514	406
514	401
514	396
514	391
514	386
514	381
514	376
514	371
514	366
514	361
514	356
514	351
514	346
514	341
514	336
514	331
514	326
514	321
514	316
514	311
514	306
514	301
514	296
514	291
514	286
514	281
514	276
514	271
514	266
514	261
514	256
514	251
514	246
514	241
514	236
514	233
514	232
514	231
514	230
514	229
514	226
514	221
514	216
514	211
514	206
514	201
514	196
514	191
514	186
514	181
514	171
514	166
514	161
514	156
514	151
514	146
514	141
514	136
514	131
514	126
514	121
514	116
514	111
514	106
514	101
514	96
514	91
514	86
514	81
514	76
514	71
514	66
514	61
514	56
514	51
514	46
514	41
514	36
514	31
515	434
515	31
516	434
516	31
517	434
517	31
518	434
518	31
519	434
519	381
519	331
519	281
519	233
519	232
519	231
519	230
519	229
519	181
519	131
519	81
519	31
520	434
520	231
520	31
521	434
521	31
522	434
522	31
523	434
523	31
524	434
524	381
524	331
524	281
524	233
524	232
524	230
524	229
524	181
524	131
524	81
524	31
525	434
525	231
525	31
526	434
526	231
526	31
527	434
527	31
528	434
528	31
529	434
529	381
529	331
529	281
529	233
529	232
529	230
529	229
529	181
529	131
529	81
529	31
530	434
530	31
531	434
531	231
531	31
532	434
532	231
532	31
533	434
533	31
534	434
534	381
534	331
534	281
534	233
534	232
534	230
534	229
534	181
534	81
534	31
535	434
535	31
536	434
536	31
537	434
537	231
537	31
538	434
538	231
538	31
539	434
539	381
539	331
539	281
539	233
539	232
539	230
539	229
539	181
539	131
539	81
539	31
540	434
540	31
541	434
541	31
542	434
542	31
543	434
543	231
543	31
544	434
544	381
544	331
544	281
544	233
544	232
544	231
544	230
544	229
544	181
544	131
544	81
544	31
545	434
545	31
546	434
546	31
547	434
547	31
548	434
548	31
549	434
549	381
549	331
549	281
549	233
549	232
549	231
549	230
549	229
549	181
549	131
549	81
549	31
550	434
550	231
550	31
551	434
551	31
552	434
552	31
553	434
553	31
554	434
554	381
554	331
554	281
554	233
554	232
554	230
554	229
554	181
554	131
554	81
554	31
555	434
555	231
555	31
556	434
556	231
556	31
557	434
557	31
558	434
558	31
559	434
559	381
559	331
559	281
559	233
559	232
559	230
559	229
559	181
559	131
559	81
559	31
560	434
560	31
561	434
561	231
561	31
562	434
562	231
562	31
563	434
563	31
564	434
564	431
564	426
564	421
564	416
564	411
564	406
564	401
564	396
564	391
564	386
564	381
564	376
564	371
564	366
564	356
564	351
564	346
564	341
564	336
564	331
564	326
564	321
564	316
564	311
564	306
564	301
564	296
564	291
564	286
564	281
564	276
564	271
564	266
564	261
564	256
564	251
564	246
564	241
564	236
564	233
564	232
564	230
564	229
564	226
564	221
564	216
564	211
564	206
564	201
564	196
564	191
564	186
564	181
564	176
564	171
564	166
564	161
564	156
564	151
564	146
564	141
564	136
564	131
564	126
564	121
564	111
564	106
564	101
564	96
564	91
564	86
564	81
564	76
564	71
564	66
564	61
564	56
564	51
564	46
564	41
564	36
564	31
565	434
565	31
566	434
566	31
567	434
567	231
567	31
568	434
568	231
568	31
569	434
569	381
569	331
569	281
569	233
569	232
569	230
569	229
569	181
569	131
569	81
569	31
570	434
570	31
571	434
571	31
572	434
572	31
573	434
573	231
573	31
574	434
574	381
574	331
574	281
574	233
574	232
574	231
574	230
574	229
574	181
574	81
574	31
575	434
575	31
576	434
576	31
577	434
577	31
578	434
578	31
579	434
579	381
579	331
579	281
579	233
579	232
579	231
579	230
579	229
579	181
579	131
579	81
579	31
580	434
580	231
580	31
581	434
581	31
582	434
582	31
583	434
583	31
584	434
584	381
584	331
584	281
584	233
584	232
584	230
584	229
584	181
584	131
584	81
584	31
585	434
585	231
585	31
586	434
586	231
586	31
587	434
587	31
588	434
588	31
589	434
589	381
589	331
589	281
589	233
589	232
589	230
589	229
589	181
589	131
589	81
589	31
590	434
590	31
591	434
591	231
591	31
592	434
592	231
592	31
593	434
593	31
594	434
594	381
594	331
594	281
594	233
594	232
594	230
594	229
594	181
594	131
594	81
594	31
595	434
595	31
596	434
596	31
597	434
597	231
597	31
598	434
598	231
598	31
599	434
599	381
599	331
599	281
599	233
599	232
599	230
599	229
599	181
599	131
599	81
599	31
600	434
600	31
601	434
601	31
602	434
602	31
603	434
603	231
603	31
604	434
604	381
604	331
604	281
604	233
604	232
604	231
604	230
604	229
604	181
604	131
604	81
604	31
605	434
605	31
606	434
606	31
607	434
607	31
608	434
608	31
609	434
609	381
609	331
609	281
609	233
609	232
609	231
609	230
609	229
609	181
609	131
609	81
609	31
610	434
610	231
610	31
611	434
611	31
612	434
612	31
613	434
613	31
614	434
614	431
614	426
614	421
614	416
614	411
614	406
614	401
614	396
614	391
614	386
614	381
614	376
614	371
614	366
614	356
614	351
614	346
614	341
614	336
614	331
614	326
614	321
614	316
614	311
614	306
614	301
614	296
614	291
614	286
614	281
614	276
614	271
614	266
614	261
614	256
614	251
614	246
614	241
614	236
614	233
614	232
614	221
614	216
614	211
614	206
614	201
614	196
614	191
614	186
614	181
614	176
614	171
614	166
614	161
614	156
614	151
614	146
614	141
614	136
614	131
614	126
614	121
614	116
614	111
614	106
614	101
614	96
614	91
614	86
614	81
614	76
614	71
614	66
614	61
614	56
614	51
614	46
614	41
614	36
614	31
615	434
615	31
616	434
616	31
617	434
617	31
618	434
618	31
619	434
619	381
619	331
619	281
619	233
619	232
619	230
619	229
619	181
619	131
619	81
619	31
620	434
620	31
621	434
621	231
621	31
622	434
622	231
622	31
623	434
623	31
624	434
624	381
624	331
624	281
624	233
624	232
624	230
624	229
624	181
624	131
624	81
624	31
625	434
625	31
626	434
626	31
627	434
627	231
627	31
628	434
628	231
628	31
629	434
629	381
629	331
629	281
629	233
629	232
629	230
629	229
629	181
629	131
629	81
629	31
630	434
630	31
631	434
631	31
632	434
632	31
633	434
633	231
633	31
634	434
634	381
634	331
634	233
634	232
634	231
634	230
634	229
634	181
634	131
634	81
634	31
635	434
635	31
636	434
636	31
637	434
637	31
638	434
638	31
639	434
639	381
639	331
639	281
639	233
639	232
639	231
639	230
639	229
639	181
639	131
639	81
639	31
640	434
640	231
640	31
641	434
641	31
642	434
642	31
643	434
643	31
644	434
644	381
644	331
644	281
644	233
644	232
644	230
644	229
644	181
644	131
644	81
644	31
645	434
645	231
645	31
646	434
646	231
646	31
647	434
647	31
648	434
648	31
649	434
649	381
649	331
649	281
649	233
649	232
649	230
649	229
649	181
649	131
649	81
649	31
650	434
650	31
651	434
651	231
651	31
652	434
652	231
652	31
653	434
653	31
654	434
654	381
654	331
654	281
654	233
654	232
654	230
654	229
654	181
654	131
654	81
654	31
655	434
655	31
656	434
656	31
657	434
657	231
657	31
658	434
658	231
658	31
659	434
659	381
659	331
659	281
659	233
659	232
659	230
659	229
659	181
659	131
659	81
659	31
660	434
660	31
661	434
661	31
662	434
662	31
663	434
663	231
663	31
664	434
664	431
664	426
664	421
664	416
664	411
664	406
664	401
664	396
664	391
664	386
664	381
664	376
664	371
664	366
664	361
664	356
664	351
664	341
664	336
664	331
664	326
664	321
664	316
664	311
664	306
664	301
664	296
664	291
664	286
664	281
664	276
664	271
664	266
664	261
664	256
664	251
664	246
664	241
664	236
664	233
664	232
664	231
664	230
664	229
664	226
664	221
664	216
664	211
664	206
664	201
664	196
664	191
664	186
664	181
664	176
664	171
664	166
664	161
664	156
664	151
664	146
664	141
664	136
664	131
664	126
664	121
664	116
664	111
664	106
664	101
664	96
664	91
664	86
664	81
664	76
664	71
664	66
664	61
664	56
664	51
664	46
664	41
664	36
664	31
665	434
665	31
666	434
666	31
667	434
667	31
668	434
668	31
669	434
669	381
669	331
669	281
669	233
669	232
669	231
669	230
669	229
669	181
669	131
669	81
669	31
670	434
670	231
670	31
671	434
671	31
672	434
672	31
673	434
673	31
674	434
674	381
674	331
674	281
674	233
674	232
674	230
674	229
674	181
674	131
674	81
674	31
675	434
675	231
675	31
676	434
676	231
676	31
677	434
677	31
678	434
678	31
679	434
679	381
679	331
679	281
679	233
679	232
679	230
679	229
679	181
679	131
679	81
679	31
680	434
680	31
681	434
681	231
681	31
682	434
682	231
682	31
683	434
683	31
684	434
684	381
684	331
684	281
684	233
684	232
684	230
684	229
684	181
684	131
684	81
684	31
685	434
685	31
686	434
686	31
687	434
687	231
687	31
688	434
688	231
688	31
689	434
689	381
689	331
689	281
689	233
689	232
689	230
689	229
689	181
689	131
689	81
689	31
690	434
690	31
691	434
691	31
692	434
692	31
693	434
693	231
693	31
694	434
694	381
694	331
694	281
694	233
694	232
694	231
694	230
694	229
694	181
694	131
694	81
694	31
695	434
695	31
696	434
696	31
697	434
697	31
698	434
698	31
699	434
699	381
699	331
699	281
699	233
699	232
699	231
699	230
699	229
699	181
699	131
699	81
699	31
700	434
700	231
700	31
701	434
701	31
702	434
702	31
703	434
703	31
704	434
704	381
704	281
704	233
704	232
704	230
704	229
704	181
704	131
704	81
704	31
705	434
705	231
705	31
706	434
706	231
706	31
707	434
707	31
708	434
708	31
709	434
709	381
709	331
709	281
709	232
709	230
709	229
709	181
709	131
709	81
709	31
710	434
710	31
711	434
711	31
712	434
712	31
713	434
713	31
714	434
714	431
714	426
714	421
714	416
714	411
714	406
714	401
714	396
714	391
714	386
714	381
714	376
714	371
714	366
714	356
714	351
714	346
714	341
714	336
714	331
714	326
714	321
714	316
714	306
714	301
714	296
714	291
714	286
714	281
714	276
714	271
714	266
714	261
714	256
714	251
714	246
714	226
714	221
714	216
714	211
714	206
714	201
714	196
714	191
714	186
714	181
714	176
714	171
714	166
714	161
714	156
714	151
714	146
714	141
714	136
714	131
714	126
714	121
714	116
714	111
714	106
714	101
714	96
714	91
714	86
714	81
714	76
714	71
714	66
714	61
714	56
714	51
714	46
714	41
714	36
714	31
715	434
715	31
716	434
716	31
717	434
717	31
718	434
718	31
719	434
719	381
719	331
719	281
719	181
719	131
719	81
719	31
720	434
720	31
721	434
721	31
722	434
722	31
723	434
723	31
724	434
724	381
724	331
724	281
724	181
724	131
724	81
724	31
725	434
725	31
726	434
726	433
726	432
726	431
726	430
726	429
726	428
726	427
726	426
726	425
726	424
726	423
726	422
726	421
726	420
726	419
726	418
726	417
726	416
726	415
726	414
726	413
726	412
726	411
726	410
726	409
726	408
726	407
726	406
726	405
726	404
726	403
726	402
726	401
726	400
726	399
726	398
726	397
726	396
726	395
726	394
726	393
726	392
726	391
726	390
726	389
726	388
726	387
726	386
726	385
726	384
726	383
726	382
726	381
726	380
726	379
726	378
726	377
726	376
726	375
726	374
726	373
726	372
726	371
726	370
726	369
726	368
726	367
726	366
726	365
726	364
726	363
726	362
726	361
726	360
726	359
726	358
726	357
726	356
726	355
726	354
726	353
726	352
726	351
726	350
726	349
726	348
726	347
726	346
726	345
726	344
726	343
726	342
726	341
726	340
726	339
726	338
726	337
726	336
726	335
726	334
726	333
726	332
726	331
726	330
726	329
726	328
726	327
726	326
726	325
726	324
726	323
726	322
726	321
726	320
726	319
726	318
726	317
726	316
726	315
726	314
726	313
726	312
726	311
726	310
726	309
726	308
726	307
726	306
726	305
726	304
726	303
726	302
726	301
726	300
726	299
726	298
726	297
726	296
726	295
726	294
726	293
726	292
726	291
726	290
726	289
726	288
726	287
726	286
726	285
726	284
726	283
726	282
726	281
726	280
726	279
726	278
726	277
726	276
726	275
726	274
726	273
726	272
726	271
726	270
726	269
726	268
726	267
726	266
726	265
726	264
726	263
726	262
726	261
726	260
726	259
726	258
726	257
726	256
726	255
726	254
726	253
726	252
726	251
726	250
726	249
726	248
726	247
726	246
726	245
726	244
726	243
726	227
726	226
726	225
726	224
726	223
726	222
726	221
726	220
726	219
726	218
726	217
726	216
726	215
726	214
726	213
726	212
726	211
726	210
726	209
726	208
726	207
726	206
726	205
726	204
726	203
726	202
726	201
726	200
726	199
726	198
726	197
726	196
726	195
726	194
726	193
726	192
726	191
726	190
726	189
726	188
726	187
726	186
726	185
726	184
726	183
726	182
726	181
726	180
726	179
726	178
726	177
726	176
726	175
726	174
726	173
726	172
726	171
726	170
726	169
726	168
726	167
726	166
726	165
726	164
726	163
726	162
726	161
726	160
726	159
726	158
726	157
726	156
726	155
726	154
726	153
726	152
726	151
726	150
726	149
726	148
726	147
726	146
726	145
726	144
726	143
726	142
726	141
726	140
726	139
726	138
726	137
726	136
726	135
726	134
726	133
726	132
726	131
726	130
726	129
726	128
726	127
726	126
726	125
726	124
726	123
726	122
726	121
726	120
726	119
726	118
726	117
726	116
726	115
726	114
726	113
726	112
726	111
726	110
726	109
726	108
726	107
726	106
726	105
726	104
726	103
726	102
726	101
726	100
726	99
726	98
726	97
726	96
726	95
726	94
726	93
726	92
726	91
726	90
726	89
726	88
726	87
726	86
726	85
726	84
726	83
726	82
726	81
726	80
726	79
726	78
726	77
726	76
726	75
726	74
726	73
726	72
726	71
726	70
726	69
726	68
726	67
726	66
726	65
726	64
726	63
726	62
726	61
726	60
726	59
726	58
726	57
726	56
726	55
726	54
726	53
726	52
726	51
726	50
726	49
726	48
726	47
726	46
726	45
726	44
726	43
726	42
726	41
726	40
726	39
726	38
726	37
726	36
726	35
726	34
726	33
726	32
726	31
