Time	VCH1
µs	mV
0.8	-96.0
0.8	-98.0
0.8	-100.0
0.8	-102.0
1.2	-100.0
1.2	-102.0
1.2	-104.0
1.2	-106.0
1.6	-104.0
1.6	-106.0
1.6	-108.0
1.6	-110.0
2.0	-108.0
2.0	-110.0
2.0	-112.0
2.0	-114.0
2.4	-112.0
2.4	-114.0
2.4	-116.0
2.4	-118.0
2.8	-116.0
2.8	-118.0
2.8	-120.0
2.8	-122.0
2.8	-124.0
3.2	-122.0
3.2	-124.0
3.2	-126.0
3.2	-128.0
3.6	-126.0
3.6	-128.0
3.6	-130.0
4.0	-128.0
4.0	-130.0
4.0	-132.0
4.4	-130.0
4.4	-132.0
4.4	-134.0
4.4	-136.0
4.8	-134.0
4.8	-136.0
4.8	-138.0
4.8	-140.0
5.2	-138.0
5.2	-140.0
5.2	-142.0
5.2	-144.0
5.6	-142.0
5.6	-144.0
5.6	-146.0
5.6	-148.0
6.0	-146.0
6.0	-148.0
6.0	-150.0
6.4	-148.0
6.4	-150.0
6.4	-152.0
6.8	-150.0
6.8	-152.0
6.8	-154.0
6.8	-156.0
7.2	-154.0
7.2	-156.0
7.2	-158.0
7.2	-160.0
7.6	-158.0
7.6	-160.0
7.6	-162.0
7.6	-164.0
8.0	-162.0
8.0	-164.0
8.0	-166.0
8.0	-168.0
8.4	-166.0
8.4	-168.0
8.4	-170.0
8.8	-168.0
8.8	-170.0
8.8	-172.0
8.8	-174.0
9.2	-172.0
9.2	-174.0
9.2	-176.0
9.2	-178.0
9.6	-176.0
9.6	-178.0
9.6	-180.0
10.0	-178.0
10.0	-180.0
10.0	-182.0
10.0	-184.0
10.4	-182.0
10.4	-184.0
10.4	-186.0
10.4	-188.0
10.8	-186.0
10.8	-188.0
10.8	-190.0
10.8	-192.0
11.2	-190.0
11.2	-192.0
11.6	-190.0
11.6	-192.0
12.0	-190.0
12.0	-192.0
12.0	-194.0
12.4	-192.0
12.4	-194.0
12.4	-196.0
12.4	-198.0
12.8	-196.0
12.8	-198.0
12.8	-200.0
12.8	-202.0
13.2	-200.0
13.2	-202.0
13.6	-200.0
13.6	-202.0
14.0	-200.0
14.0	-202.0
14.0	-204.0
14.0	-206.0
14.4	-204.0
14.4	-206.0
14.4	-208.0
14.8	-206.0
14.8	-208.0
15.2	-206.0
15.2	-208.0
15.2	-210.0
15.6	-208.0
15.6	-210.0
15.6	-212.0
16.0	-208.0
16.0	-210.0
16.4	-208.0
16.4	-210.0
16.4	-212.0
16.8	-210.0
16.8	-212.0
16.8	-214.0
17.2	-212.0
17.2	-214.0
17.6	-210.0
17.6	-212.0
17.6	-214.0
18.0	-210.0
18.0	-212.0
18.4	-210.0
18.4	-212.0
18.8	-210.0
18.8	-212.0
19.2	-208.0
19.2	-210.0
19.2	-212.0
19.6	-206.0
19.6	-208.0
19.6	-210.0
20.0	-204.0
20.0	-206.0
20.0	-208.0
20.4	-202.0
20.4	-204.0
20.4	-206.0
20.8	-200.0
20.8	-202.0
20.8	-204.0
21.2	-198.0
21.2	-200.0
21.2	-202.0
21.6	-196.0
21.6	-198.0
21.6	-200.0
22.0	-194.0
22.0	-196.0
22.0	-198.0
22.4	-190.0
22.4	-192.0
22.4	-194.0
22.4	-196.0
22.8	-190.0
22.8	-192.0
23.2	-188.0
23.2	-190.0
23.2	-192.0
23.6	-184.0
23.6	-186.0
23.6	-188.0
23.6	-190.0
24.0	-180.0
24.0	-182.0
24.0	-184.0
24.0	-186.0
24.4	-178.0
24.4	-180.0
24.4	-182.0
24.8	-174.0
24.8	-176.0
24.8	-178.0
24.8	-180.0
25.2	-172.0
25.2	-174.0
25.2	-176.0
25.6	-168.0
25.6	-170.0
25.6	-172.0
25.6	-174.0
26.0	-166.0
26.0	-168.0
26.0	-170.0
26.4	-162.0
26.4	-164.0
26.4	-166.0
26.4	-168.0
26.8	-158.0
26.8	-160.0
26.8	-162.0
26.8	-164.0
27.2	-156.0
27.2	-158.0
27.2	-160.0
27.6	-154.0
27.6	-156.0
27.6	-158.0
28.0	-150.0
28.0	-152.0
28.0	-154.0
28.0	-156.0
28.4	-144.0
28.4	-146.0
28.4	-148.0
28.4	-150.0
28.4	-152.0
28.8	-142.0
28.8	-144.0
28.8	-146.0
29.2	-140.0
29.2	-142.0
29.2	-144.0
29.6	-136.0
29.6	-138.0
29.6	-140.0
29.6	-142.0
30.0	-130.0
30.0	-132.0
30.0	-134.0
30.0	-136.0
30.0	-138.0
30.4	-126.0
30.4	-128.0
30.4	-130.0
30.4	-132.0
30.8	-124.0
30.8	-126.0
30.8	-128.0
31.2	-122.0
31.2	-124.0
31.2	-126.0
31.6	-118.0
31.6	-120.0
31.6	-122.0
31.6	-124.0
32.0	-112.0
32.0	-114.0
32.0	-116.0
32.0	-118.0
32.0	-120.0
32.4	-106.0
32.4	-108.0
32.4	-110.0
32.4	-112.0
32.4	-114.0
32.8	-102.0
32.8	-104.0
32.8	-106.0
32.8	-108.0
33.2	-98.0
33.2	-100.0
33.2	-102.0
33.2	-104.0
33.6	-96.0
33.6	-98.0
33.6	-100.0
34.0	-90.0
34.0	-92.0
34.0	-94.0
34.0	-96.0
34.0	-98.0
34.4	-84.0
34.4	-86.0
34.4	-88.0
34.4	-90.0
34.4	-92.0
34.8	-80.0
34.8	-82.0
34.8	-84.0
34.8	-86.0
35.2	-76.0
35.2	-78.0
35.2	-80.0
35.2	-82.0
35.6	-74.0
35.6	-76.0
35.6	-78.0
36.0	-70.0
36.0	-72.0
36.0	-74.0
36.0	-76.0
36.4	-64.0
36.4	-66.0
36.4	-68.0
36.4	-70.0
36.4	-72.0
36.8	-60.0
36.8	-62.0
36.8	-64.0
36.8	-66.0
37.2	-56.0
37.2	-58.0
37.2	-60.0
37.2	-62.0
37.6	-52.0
37.6	-54.0
37.6	-56.0
37.6	-58.0
38.0	-46.0
38.0	-48.0
38.0	-50.0
38.0	-52.0
38.0	-54.0
38.4	-40.0
38.4	-42.0
38.4	-44.0
38.4	-46.0
38.4	-48.0
38.8	-36.0
38.8	-38.0
38.8	-40.0
38.8	-42.0
39.2	-36.0
39.2	-38.0
39.6	-30.0
40.0	-24.0
40.0	-26.0
40.0	-28.0
40.0	-30.0
40.0	-32.0
40.4	-18.0
40.4	-20.0
40.4	-22.0
40.4	-24.0
40.4	-26.0
40.8	-14.0
40.8	-16.0
40.8	-18.0
40.8	-20.0
41.2	-10.0
41.2	-12.0
41.2	-14.0
41.2	-16.0
41.6	-6.0
41.6	-8.0
41.6	-10.0
41.6	-12.0
42.0	-2.0
42.0	-4.0
42.0	-6.0
42.0	-8.0
42.4	4.0
42.4	2.0
42.4	0.0
42.4	-2.0
42.4	-4.0
42.8	8.0
42.8	6.0
42.8	4.0
42.8	2.0
43.2	8.0
43.2	6.0
43.6	14.0
43.6	12.0
43.6	10.0
43.6	8.0
43.6	6.0
44.0	22.0
44.0	20.0
44.0	18.0
44.0	16.0
44.0	14.0
44.0	12.0
44.4	28.0
44.4	26.0
44.4	24.0
44.4	22.0
44.4	20.0
44.8	32.0
44.8	30.0
44.8	28.0
44.8	26.0
45.2	36.0
45.2	34.0
45.2	32.0
45.2	30.0
45.6	40.0
45.6	38.0
45.6	36.0
45.6	34.0
46.0	44.0
46.0	42.0
46.0	40.0
46.0	38.0
46.4	48.0
46.4	46.0
46.4	44.0
46.4	42.0
46.8	54.0
46.8	52.0
46.8	50.0
46.8	48.0
46.8	46.0
47.2	58.0
47.2	56.0
47.2	54.0
47.2	52.0
47.6	60.0
47.6	58.0
47.6	56.0
48.0	64.0
48.0	62.0
48.0	60.0
48.0	58.0
48.4	70.0
48.4	68.0
48.4	66.0
48.4	64.0
48.4	62.0
48.8	74.0
48.8	72.0
48.8	70.0
48.8	68.0
49.2	78.0
49.2	76.0
49.2	74.0
49.2	72.0
49.6	84.0
49.6	82.0
49.6	80.0
49.6	78.0
49.6	76.0
50.0	88.0
50.0	86.0
50.0	84.0
50.0	82.0
50.4	90.0
50.4	88.0
50.4	86.0
50.8	96.0
50.8	94.0
50.8	92.0
50.8	90.0
50.8	88.0
51.2	100.0
51.2	98.0
51.2	96.0
51.2	94.0
51.6	102.0
51.6	100.0
51.6	98.0
52.0	106.0
52.0	104.0
52.0	102.0
52.0	100.0
52.4	112.0
52.4	110.0
52.4	108.0
52.4	106.0
52.4	104.0
52.8	116.0
52.8	114.0
52.8	112.0
52.8	110.0
53.2	118.0
53.2	116.0
53.2	114.0
53.6	124.0
53.6	122.0
53.6	120.0
53.6	118.0
53.6	116.0
54.0	128.0
54.0	126.0
54.0	124.0
54.0	122.0
54.4	130.0
54.4	128.0
54.4	126.0
54.8	134.0
54.8	132.0
54.8	130.0
54.8	128.0
55.2	138.0
55.2	136.0
55.2	134.0
55.2	132.0
55.6	142.0
55.6	140.0
55.6	138.0
55.6	136.0
56.0	146.0
56.0	144.0
56.0	142.0
56.0	140.0
56.4	150.0
56.4	148.0
56.4	146.0
56.4	144.0
56.8	154.0
56.8	152.0
56.8	150.0
56.8	148.0
57.2	156.0
57.2	154.0
57.2	152.0
57.6	158.0
57.6	156.0
57.6	154.0
58.0	162.0
58.0	160.0
58.0	158.0
58.0	156.0
58.4	166.0
58.4	164.0
58.4	162.0
58.4	160.0
58.8	170.0
58.8	168.0
58.8	166.0
58.8	164.0
59.2	170.0
59.2	168.0
59.6	174.0
59.6	172.0
59.6	170.0
59.6	168.0
60.0	178.0
60.0	176.0
60.0	174.0
60.0	172.0
60.4	180.0
60.4	178.0
60.4	176.0
60.8	182.0
60.8	180.0
60.8	178.0
61.2	186.0
61.2	184.0
61.2	182.0
61.2	180.0
61.6	188.0
61.6	186.0
61.6	184.0
62.0	190.0
62.0	188.0
62.0	186.0
62.4	194.0
62.4	192.0
62.4	190.0
62.4	188.0
62.8	194.0
62.8	192.0
63.2	196.0
63.2	194.0
63.2	192.0
63.6	198.0
63.6	196.0
63.6	194.0
64.0	200.0
64.0	198.0
64.0	196.0
64.4	200.0
64.4	198.0
64.8	200.0
64.8	198.0
65.2	200.0
65.2	198.0
65.6	202.0
65.6	200.0
65.6	198.0
66.0	204.0
66.0	202.0
66.0	200.0
66.4	204.0
66.4	202.0
66.4	200.0
66.8	204.0
66.8	202.0
66.8	200.0
67.2	204.0
67.2	202.0
67.2	200.0
67.6	202.0
67.6	200.0
67.6	198.0
68.0	204.0
68.0	202.0
68.0	200.0
68.4	204.0
68.4	202.0
68.4	200.0
68.8	202.0
68.8	200.0
68.8	198.0
69.2	200.0
69.2	198.0
69.6	200.0
69.6	198.0
70.0	200.0
70.0	198.0
70.4	200.0
70.4	198.0
70.8	200.0
70.8	198.0
70.8	196.0
71.2	200.0
71.2	198.0
71.2	196.0
71.6	198.0
71.6	196.0
71.6	194.0
71.6	192.0
72.0	194.0
72.0	192.0
72.0	190.0
72.4	192.0
72.4	190.0
72.4	188.0
72.4	186.0
72.8	188.0
72.8	186.0
72.8	184.0
73.2	186.0
73.2	184.0
73.2	182.0
73.2	180.0
73.6	182.0
73.6	180.0
73.6	178.0
74.0	180.0
74.0	178.0
74.0	176.0
74.4	178.0
74.4	176.0
74.4	174.0
74.8	176.0
74.8	174.0
74.8	172.0
74.8	170.0
75.2	172.0
75.2	170.0
75.2	168.0
75.2	166.0
75.6	168.0
75.6	166.0
75.6	164.0
76.0	166.0
76.0	164.0
76.0	162.0
76.0	160.0
76.4	162.0
76.4	160.0
76.4	158.0
76.8	160.0
76.8	158.0
76.8	156.0
76.8	154.0
77.2	156.0
77.2	154.0
77.2	152.0
77.2	150.0
77.6	152.0
77.6	150.0
77.6	148.0
77.6	146.0
78.0	148.0
78.0	146.0
78.0	144.0
78.4	146.0
78.4	144.0
78.4	142.0
78.4	140.0
78.8	142.0
78.8	140.0
78.8	138.0
78.8	136.0
79.2	138.0
79.2	136.0
79.2	134.0
79.2	132.0
79.6	134.0
79.6	132.0
79.6	130.0
79.6	128.0
80.0	130.0
80.0	128.0
80.0	126.0
80.0	124.0
80.0	122.0
80.4	124.0
80.4	122.0
80.4	120.0
80.4	118.0
80.8	120.0
80.8	118.0
80.8	116.0
80.8	114.0
81.2	116.0
81.2	114.0
81.2	112.0
81.2	110.0
81.6	112.0
81.6	110.0
81.6	108.0
82.0	110.0
82.0	108.0
82.0	106.0
82.0	104.0
82.4	106.0
82.4	104.0
82.4	102.0
82.4	100.0
82.8	102.0
82.8	100.0
82.8	98.0
82.8	96.0
83.2	98.0
83.2	96.0
83.2	94.0
83.2	92.0
83.6	94.0
83.6	92.0
83.6	90.0
83.6	88.0
83.6	86.0
84.0	88.0
84.0	86.0
84.0	84.0
84.4	86.0
84.4	84.0
84.4	82.0
84.4	80.0
84.8	82.0
84.8	80.0
84.8	78.0
84.8	76.0
84.8	74.0
85.2	76.0
85.2	74.0
85.2	72.0
85.2	70.0
85.6	72.0
85.6	70.0
85.6	68.0
85.6	66.0
85.6	64.0
86.0	66.0
86.0	64.0
86.0	62.0
86.0	60.0
86.0	58.0
86.4	62.0
86.4	60.0
86.4	58.0
86.8	60.0
86.8	58.0
86.8	56.0
86.8	54.0
87.2	56.0
87.2	54.0
87.2	52.0
87.2	50.0
87.6	52.0
87.6	50.0
87.6	48.0
87.6	46.0
87.6	44.0
88.0	46.0
88.0	44.0
88.0	42.0
88.0	40.0
88.4	42.0
88.4	40.0
88.4	38.0
88.4	36.0
88.4	34.0
88.8	36.0
88.8	34.0
88.8	32.0
88.8	30.0
89.2	32.0
89.2	30.0
89.2	28.0
89.2	26.0
89.6	28.0
89.6	26.0
89.6	24.0
89.6	22.0
90.0	24.0
90.0	22.0
90.0	20.0
90.0	18.0
90.4	20.0
90.4	18.0
90.4	16.0
90.4	14.0
90.8	16.0
90.8	14.0
90.8	12.0
90.8	10.0
91.2	12.0
91.2	10.0
91.2	8.0
91.2	6.0
91.2	4.0
91.6	6.0
91.6	4.0
91.6	2.0
91.6	0.0
91.6	-2.0
92.0	0.0
92.0	-2.0
92.0	-4.0
92.0	-6.0
92.4	-4.0
92.4	-6.0
92.4	-8.0
92.4	-10.0
92.8	-8.0
92.8	-10.0
92.8	-12.0
92.8	-14.0
93.2	-12.0
93.2	-14.0
93.2	-16.0
93.2	-18.0
93.6	-16.0
93.6	-18.0
93.6	-20.0
93.6	-22.0
93.6	-24.0
94.0	-22.0
94.0	-24.0
94.0	-26.0
94.0	-28.0
94.4	-26.0
94.8	-32.0
94.8	-34.0
94.8	-36.0
94.8	-38.0
95.2	-36.0
95.2	-38.0
95.2	-40.0
95.2	-42.0
95.6	-40.0
95.6	-42.0
95.6	-44.0
95.6	-46.0
96.0	-44.0
96.0	-46.0
96.0	-48.0
96.0	-50.0
96.4	-48.0
96.4	-50.0
96.4	-52.0
96.4	-54.0
96.4	-56.0
96.8	-54.0
96.8	-56.0
96.8	-58.0
96.8	-60.0
97.2	-58.0
97.2	-60.0
97.2	-62.0
97.2	-64.0
97.2	-66.0
97.6	-64.0
97.6	-66.0
97.6	-68.0
97.6	-70.0
98.0	-68.0
98.0	-70.0
98.0	-72.0
98.0	-74.0
98.4	-72.0
98.4	-74.0
98.4	-76.0
98.4	-78.0
98.8	-76.0
98.8	-78.0
98.8	-80.0
98.8	-82.0
99.2	-80.0
99.2	-82.0
99.2	-84.0
99.2	-86.0
99.6	-84.0
99.6	-86.0
99.6	-88.0
99.6	-90.0
99.6	-92.0
100.0	-90.0
100.0	-92.0
100.0	-94.0
100.0	-96.0
100.4	-94.0
100.4	-96.0
100.4	-98.0
100.4	-100.0
100.8	-98.0
100.8	-100.0
100.8	-102.0
100.8	-104.0
101.2	-102.0
101.2	-104.0
101.2	-106.0
101.2	-108.0
101.6	-106.0
101.6	-108.0
101.6	-110.0
101.6	-112.0
102.0	-110.0
102.0	-112.0
102.0	-114.0
102.0	-116.0
102.4	-114.0
102.4	-116.0
102.4	-118.0
102.4	-120.0
102.8	-118.0
102.8	-120.0
102.8	-122.0
102.8	-124.0
103.2	-122.0
103.2	-124.0
103.2	-126.0
103.2	-128.0
103.6	-126.0
103.6	-128.0
103.6	-130.0
103.6	-132.0
104.0	-130.0
104.0	-132.0
104.0	-134.0
104.4	-132.0
104.4	-134.0
104.4	-136.0
104.4	-138.0
104.8	-136.0
104.8	-138.0
104.8	-140.0
104.8	-142.0
105.2	-140.0
105.2	-142.0
105.2	-144.0
105.2	-146.0
105.2	-148.0
105.6	-146.0
105.6	-148.0
105.6	-150.0
106.0	-148.0
106.0	-150.0
106.0	-152.0
106.0	-154.0
106.4	-152.0
106.4	-154.0
106.4	-156.0
106.4	-158.0
106.8	-156.0
106.8	-158.0
106.8	-160.0
106.8	-162.0
107.2	-160.0
107.2	-162.0
107.2	-164.0
107.2	-166.0
107.6	-164.0
107.6	-166.0
107.6	-168.0
108.0	-166.0
108.0	-168.0
108.4	-166.0
108.4	-168.0
108.4	-170.0
108.4	-172.0
108.8	-170.0
108.8	-172.0
108.8	-174.0
108.8	-176.0
109.2	-174.0
109.2	-176.0
109.2	-178.0
109.6	-176.0
109.6	-178.0
109.6	-180.0
109.6	-182.0
110.0	-180.0
110.0	-182.0
110.0	-184.0
110.0	-186.0
110.4	-184.0
110.4	-186.0
110.4	-188.0
110.8	-186.0
110.8	-188.0
110.8	-190.0
111.2	-188.0
111.2	-190.0
111.2	-192.0
111.2	-194.0
111.6	-192.0
111.6	-194.0
111.6	-196.0
112.0	-194.0
112.0	-196.0
112.4	-194.0
112.4	-196.0
112.4	-198.0
112.8	-196.0
112.8	-198.0
112.8	-200.0
113.2	-198.0
113.2	-200.0
113.2	-202.0
113.2	-204.0
113.6	-202.0
113.6	-204.0
113.6	-206.0
114.0	-204.0
114.0	-206.0
114.4	-204.0
114.4	-206.0
114.4	-208.0
114.8	-206.0
114.8	-208.0
114.8	-210.0
115.2	-208.0
115.2	-210.0
115.2	-212.0
115.6	-210.0
115.6	-212.0
115.6	-214.0
116.0	-212.0
116.0	-214.0
116.0	-216.0
116.4	-210.0
116.4	-212.0
116.4	-214.0
116.8	-210.0
116.8	-212.0
116.8	-214.0
117.2	-212.0
117.2	-214.0
117.6	-212.0
117.6	-214.0
118.0	-212.0
118.0	-214.0
118.4	-210.0
118.4	-212.0
118.4	-214.0
118.8	-210.0
118.8	-212.0
119.2	-208.0
119.2	-210.0
119.2	-212.0
119.6	-204.0
119.6	-206.0
119.6	-208.0
119.6	-210.0
120.0	-202.0
120.0	-204.0
120.0	-206.0
120.4	-200.0
120.4	-202.0
120.4	-204.0
120.8	-198.0
120.8	-200.0
120.8	-202.0
121.2	-198.0
121.2	-200.0
121.6	-196.0
121.6	-198.0
121.6	-200.0
122.0	-192.0
122.0	-194.0
122.0	-196.0
122.0	-198.0
122.4	-190.0
122.4	-192.0
122.4	-194.0
122.8	-188.0
122.8	-190.0
122.8	-192.0
123.2	-186.0
123.2	-188.0
123.2	-190.0
123.6	-184.0
123.6	-186.0
123.6	-188.0
124.0	-180.0
124.0	-182.0
124.0	-184.0
124.0	-186.0
124.4	-176.0
124.4	-178.0
124.4	-180.0
124.4	-182.0
124.8	-174.0
124.8	-176.0
124.8	-178.0
125.2	-170.0
125.2	-172.0
125.2	-174.0
125.2	-176.0
125.6	-168.0
125.6	-170.0
125.6	-172.0
126.0	-164.0
126.0	-166.0
126.0	-168.0
126.0	-170.0
126.4	-160.0
126.4	-162.0
126.4	-164.0
126.4	-166.0
126.8	-156.0
126.8	-158.0
126.8	-160.0
126.8	-162.0
127.2	-152.0
127.2	-154.0
127.2	-156.0
127.2	-158.0
127.6	-148.0
127.6	-150.0
127.6	-152.0
127.6	-154.0
128.0	-146.0
128.0	-148.0
128.0	-150.0
128.4	-144.0
128.4	-146.0
128.4	-148.0
128.8	-140.0
128.8	-142.0
128.8	-144.0
128.8	-146.0
129.2	-136.0
129.2	-138.0
129.2	-140.0
129.2	-142.0
129.6	-134.0
129.6	-136.0
129.6	-138.0
130.0	-130.0
130.0	-132.0
130.0	-134.0
130.0	-136.0
130.4	-126.0
130.4	-128.0
130.4	-130.0
130.4	-132.0
130.8	-122.0
130.8	-124.0
130.8	-126.0
130.8	-128.0
131.2	-118.0
131.2	-120.0
131.2	-122.0
131.2	-124.0
131.6	-114.0
131.6	-116.0
131.6	-118.0
131.6	-120.0
132.0	-110.0
132.0	-112.0
132.0	-114.0
132.0	-116.0
132.4	-104.0
132.4	-106.0
132.4	-108.0
132.4	-110.0
132.4	-112.0
132.8	-100.0
132.8	-102.0
132.8	-104.0
132.8	-106.0
133.2	-96.0
133.2	-98.0
133.2	-100.0
133.2	-102.0
133.6	-92.0
133.6	-94.0
133.6	-96.0
133.6	-98.0
134.0	-88.0
134.0	-90.0
134.0	-92.0
134.0	-94.0
134.4	-84.0
134.4	-86.0
134.4	-88.0
134.4	-90.0
134.8	-78.0
134.8	-80.0
134.8	-82.0
134.8	-84.0
134.8	-86.0
135.2	-74.0
135.2	-76.0
135.2	-78.0
135.2	-80.0
135.6	-72.0
135.6	-74.0
135.6	-76.0
136.0	-66.0
136.0	-68.0
136.0	-70.0
136.0	-72.0
136.0	-74.0
136.4	-62.0
136.4	-64.0
136.4	-66.0
136.4	-68.0
136.8	-58.0
136.8	-60.0
136.8	-62.0
136.8	-64.0
137.2	-54.0
137.2	-56.0
137.2	-58.0
137.2	-60.0
137.6	-50.0
137.6	-52.0
137.6	-54.0
137.6	-56.0
138.0	-44.0
138.0	-46.0
138.0	-48.0
138.0	-50.0
138.0	-52.0
138.4	-40.0
138.4	-42.0
138.4	-44.0
138.4	-46.0
138.8	-36.0
138.8	-38.0
138.8	-40.0
138.8	-42.0
139.2	-34.0
139.2	-36.0
139.2	-38.0
139.6	-26.0
139.6	-28.0
140.0	-20.0
140.0	-22.0
140.0	-24.0
140.0	-26.0
140.0	-28.0
140.4	-16.0
140.4	-18.0
140.4	-20.0
140.4	-22.0
140.8	-12.0
140.8	-14.0
140.8	-16.0
140.8	-18.0
141.2	-8.0
141.2	-10.0
141.2	-12.0
141.2	-14.0
141.6	-4.0
141.6	-6.0
141.6	-8.0
141.6	-10.0
142.0	2.0
142.0	0.0
142.0	-2.0
142.0	-4.0
142.0	-6.0
142.4	6.0
142.4	4.0
142.4	2.0
142.4	0.0
142.8	10.0
142.8	8.0
142.8	6.0
142.8	4.0
143.2	12.0
143.2	10.0
143.2	8.0
143.6	16.0
143.6	14.0
143.6	12.0
143.6	10.0
143.6	8.0
144.0	26.0
144.0	24.0
144.0	22.0
144.0	20.0
144.0	18.0
144.0	16.0
144.0	14.0
144.4	30.0
144.4	28.0
144.4	26.0
144.4	24.0
144.8	34.0
144.8	32.0
144.8	30.0
144.8	28.0
145.2	38.0
145.2	36.0
145.2	34.0
145.2	32.0
145.6	42.0
145.6	40.0
145.6	38.0
145.6	36.0
146.0	48.0
146.0	46.0
146.0	44.0
146.0	42.0
146.0	40.0
146.4	52.0
146.4	50.0
146.4	48.0
146.4	46.0
146.8	56.0
146.8	54.0
146.8	52.0
146.8	50.0
147.2	58.0
147.2	56.0
147.2	54.0
147.6	62.0
147.6	60.0
147.6	58.0
147.6	56.0
148.0	68.0
148.0	66.0
148.0	64.0
148.0	62.0
148.0	60.0
148.4	72.0
148.4	70.0
148.4	68.0
148.4	66.0
148.8	78.0
148.8	76.0
148.8	74.0
148.8	72.0
148.8	70.0
149.2	82.0
149.2	80.0
149.2	78.0
149.2	76.0
149.6	86.0
149.6	84.0
149.6	82.0
149.6	80.0
150.0	88.0
150.0	86.0
150.0	84.0
150.4	92.0
150.4	90.0
150.4	88.0
150.4	86.0
150.8	98.0
150.8	96.0
150.8	94.0
150.8	92.0
150.8	90.0
151.2	102.0
151.2	100.0
151.2	98.0
151.2	96.0
151.6	106.0
151.6	104.0
151.6	102.0
151.6	100.0
152.0	110.0
152.0	108.0
152.0	106.0
152.0	104.0
152.4	114.0
152.4	112.0
152.4	110.0
152.4	108.0
152.8	116.0
152.8	114.0
152.8	112.0
153.2	122.0
153.2	120.0
153.2	118.0
153.2	116.0
153.2	114.0
153.6	126.0
153.6	124.0
153.6	122.0
153.6	120.0
154.0	128.0
154.0	126.0
154.0	124.0
154.4	132.0
154.4	130.0
154.4	128.0
154.4	126.0
154.8	136.0
154.8	134.0
154.8	132.0
154.8	130.0
155.2	140.0
155.2	138.0
155.2	136.0
155.2	134.0
155.6	144.0
155.6	142.0
155.6	140.0
155.6	138.0
156.0	148.0
156.0	146.0
156.0	144.0
156.0	142.0
156.4	152.0
156.4	150.0
156.4	148.0
156.4	146.0
156.8	156.0
156.8	154.0
156.8	152.0
156.8	150.0
157.2	156.0
157.2	154.0
157.6	158.0
157.6	156.0
157.6	154.0
157.6	152.0
158.0	164.0
158.0	162.0
158.0	160.0
158.0	158.0
158.0	156.0
158.4	168.0
158.4	166.0
158.4	164.0
158.4	162.0
158.8	170.0
158.8	168.0
158.8	166.0
159.2	174.0
159.2	172.0
159.2	170.0
159.2	168.0
159.6	176.0
159.6	174.0
159.6	172.0
160.0	178.0
160.0	176.0
160.0	174.0
160.4	182.0
160.4	180.0
160.4	178.0
160.4	176.0
160.8	184.0
160.8	182.0
160.8	180.0
161.2	186.0
161.2	184.0
161.2	182.0
161.6	188.0
161.6	186.0
161.6	184.0
162.0	192.0
162.0	190.0
162.0	188.0
162.0	186.0
162.4	194.0
162.4	192.0
162.4	190.0
162.8	196.0
162.8	194.0
162.8	192.0
163.2	198.0
163.2	196.0
163.2	194.0
163.6	198.0
163.6	196.0
164.0	200.0
164.0	198.0
164.0	196.0
164.4	202.0
164.4	200.0
164.4	198.0
164.8	204.0
164.8	202.0
164.8	200.0
165.2	204.0
165.2	202.0
165.2	200.0
165.6	202.0
165.6	200.0
165.6	198.0
166.0	202.0
166.0	200.0
166.4	202.0
166.4	200.0
166.8	204.0
166.8	202.0
166.8	200.0
167.2	206.0
167.2	204.0
167.2	202.0
167.6	208.0
167.6	206.0
167.6	204.0
168.0	208.0
168.0	206.0
168.0	204.0
168.4	206.0
168.4	204.0
168.4	202.0
168.4	200.0
168.8	202.0
168.8	200.0
169.2	202.0
169.2	200.0
169.6	202.0
169.6	200.0
169.6	198.0
170.0	200.0
170.0	198.0
170.4	200.0
170.4	198.0
170.4	196.0
170.8	198.0
170.8	196.0
171.2	198.0
171.2	196.0
171.2	194.0
171.6	196.0
171.6	194.0
171.6	192.0
171.6	190.0
172.0	192.0
172.0	190.0
172.0	188.0
172.4	190.0
172.4	188.0
172.4	186.0
172.8	188.0
172.8	186.0
172.8	184.0
172.8	182.0
173.2	184.0
173.2	182.0
173.2	180.0
173.2	178.0
173.6	180.0
173.6	178.0
173.6	176.0
174.0	178.0
174.0	176.0
174.0	174.0
174.4	176.0
174.4	174.0
174.4	172.0
174.8	174.0
174.8	172.0
174.8	170.0
175.2	172.0
175.2	170.0
175.2	168.0
175.2	166.0
175.6	168.0
175.6	166.0
175.6	164.0
175.6	162.0
176.0	164.0
176.0	162.0
176.0	160.0
176.0	158.0
176.4	160.0
176.4	158.0
176.4	156.0
176.8	158.0
176.8	156.0
176.8	154.0
176.8	152.0
176.8	150.0
177.2	152.0
177.2	150.0
177.2	148.0
177.2	146.0
177.6	148.0
177.6	146.0
177.6	144.0
178.0	146.0
178.0	144.0
178.0	142.0
178.0	140.0
178.4	142.0
178.4	140.0
178.4	138.0
178.4	136.0
178.8	138.0
178.8	136.0
178.8	134.0
178.8	132.0
179.2	134.0
179.2	132.0
179.2	130.0
179.6	132.0
179.6	130.0
179.6	128.0
179.6	126.0
180.0	128.0
180.0	126.0
180.0	124.0
180.0	122.0
180.4	124.0
180.4	122.0
180.4	120.0
180.4	118.0
180.8	120.0
180.8	118.0
180.8	116.0
180.8	114.0
181.2	116.0
181.2	114.0
181.2	112.0
181.2	110.0
181.2	108.0
181.6	110.0
181.6	108.0
181.6	106.0
181.6	104.0
182.0	106.0
182.0	104.0
182.0	102.0
182.4	104.0
182.4	102.0
182.4	100.0
182.4	98.0
182.8	100.0
182.8	98.0
182.8	96.0
182.8	94.0
183.2	96.0
183.2	94.0
183.2	92.0
183.2	90.0
183.2	88.0
183.6	90.0
183.6	88.0
183.6	86.0
183.6	84.0
184.0	86.0
184.0	84.0
184.0	82.0
184.4	84.0
184.4	82.0
184.4	80.0
184.4	78.0
184.8	80.0
184.8	78.0
184.8	76.0
184.8	74.0
184.8	72.0
185.2	74.0
185.2	72.0
185.2	70.0
185.2	68.0
185.2	66.0
185.6	68.0
185.6	66.0
185.6	64.0
185.6	62.0
186.0	68.0
186.0	66.0
186.0	64.0
186.0	62.0
186.4	64.0
186.4	62.0
186.4	60.0
186.4	58.0
186.4	56.0
186.8	58.0
186.8	56.0
186.8	54.0
186.8	52.0
187.2	54.0
187.2	52.0
187.2	50.0
187.2	48.0
187.2	46.0
187.6	48.0
187.6	46.0
187.6	44.0
187.6	42.0
187.6	40.0
188.0	42.0
188.0	40.0
188.0	38.0
188.0	36.0
188.4	38.0
188.4	36.0
188.4	34.0
188.4	32.0
188.8	34.0
188.8	32.0
188.8	30.0
188.8	28.0
189.2	30.0
189.2	28.0
189.2	26.0
189.2	24.0
189.6	26.0
189.6	24.0
189.6	22.0
189.6	20.0
189.6	18.0
190.0	20.0
190.0	18.0
190.0	16.0
190.4	18.0
190.4	16.0
190.4	14.0
190.4	12.0
190.8	14.0
190.8	12.0
190.8	10.0
190.8	8.0
190.8	6.0
191.2	8.0
191.2	6.0
191.2	4.0
191.2	2.0
191.6	4.0
191.6	2.0
191.6	0.0
191.6	-2.0
192.0	0.0
192.0	-2.0
192.0	-4.0
192.0	-6.0
192.0	-8.0
192.4	-6.0
192.4	-8.0
192.4	-10.0
192.4	-12.0
192.8	-10.0
192.8	-12.0
192.8	-14.0
192.8	-16.0
193.2	-14.0
193.2	-16.0
193.2	-18.0
193.2	-20.0
193.6	-18.0
193.6	-20.0
193.6	-22.0
193.6	-24.0
193.6	-26.0
194.0	-24.0
194.0	-26.0
194.0	-28.0
194.4	-34.0
194.4	-36.0
194.8	-34.0
194.8	-36.0
194.8	-38.0
194.8	-40.0
195.2	-38.0
195.2	-40.0
195.2	-42.0
195.2	-44.0
195.2	-46.0
195.6	-44.0
195.6	-46.0
195.6	-48.0
195.6	-50.0
196.0	-48.0
196.0	-50.0
196.0	-52.0
196.4	-50.0
196.4	-52.0
196.4	-54.0
196.4	-56.0
196.8	-54.0
196.8	-56.0
196.8	-58.0
196.8	-60.0
196.8	-62.0
196.8	-64.0
197.2	-62.0
197.2	-64.0
197.2	-66.0
197.2	-68.0
197.6	-66.0
197.6	-68.0
197.6	-70.0
197.6	-72.0
198.0	-70.0
198.0	-72.0
198.0	-74.0
198.0	-76.0
198.4	-74.0
198.4	-76.0
198.4	-78.0
198.4	-80.0
198.8	-78.0
198.8	-80.0
198.8	-82.0
198.8	-84.0
198.8	-86.0
199.2	-84.0
199.2	-86.0
199.2	-88.0
199.2	-90.0
199.6	-88.0
199.6	-90.0
199.6	-92.0
199.6	-94.0
200.0	-90.0
200.0	-92.0
200.0	-94.0
200.4	-92.0
200.4	-94.0
200.4	-96.0
200.4	-98.0
200.4	-100.0
200.8	-98.0
200.8	-100.0
200.8	-102.0
200.8	-104.0
200.8	-106.0
201.2	-104.0
201.2	-106.0
201.2	-108.0
201.2	-110.0
201.2	-112.0
201.6	-110.0
201.6	-112.0
201.6	-114.0
201.6	-116.0
202.0	-114.0
202.0	-116.0
202.0	-118.0
202.0	-120.0
202.0	-122.0
202.4	-120.0
202.4	-122.0
202.4	-124.0
202.8	-122.0
202.8	-124.0
202.8	-126.0
203.2	-124.0
203.2	-126.0
203.2	-128.0
203.2	-130.0
203.6	-128.0
203.6	-130.0
203.6	-132.0
204.0	-130.0
204.0	-132.0
204.0	-134.0
204.0	-136.0
204.0	-138.0
204.4	-136.0
204.4	-138.0
204.4	-140.0
204.4	-142.0
204.8	-140.0
204.8	-142.0
204.8	-144.0
204.8	-146.0
205.2	-144.0
205.2	-146.0
205.2	-148.0
205.6	-146.0
205.6	-148.0
205.6	-150.0
206.0	-148.0
206.0	-150.0
206.0	-152.0
206.0	-154.0
206.4	-152.0
206.4	-154.0
206.4	-156.0
206.4	-158.0
206.8	-156.0
206.8	-158.0
206.8	-160.0
207.2	-158.0
207.2	-160.0
207.2	-162.0
207.2	-164.0
207.6	-162.0
207.6	-164.0
207.6	-166.0
207.6	-168.0
208.0	-166.0
208.0	-168.0
208.0	-170.0
208.0	-172.0
208.4	-170.0
208.4	-172.0
208.4	-174.0
208.8	-172.0
208.8	-174.0
208.8	-176.0
208.8	-178.0
209.2	-176.0
209.2	-178.0
209.2	-180.0
209.2	-182.0
209.6	-180.0
209.6	-182.0
209.6	-184.0
210.0	-182.0
210.0	-184.0
210.0	-186.0
210.0	-188.0
210.4	-186.0
210.4	-188.0
210.4	-190.0
210.4	-192.0
210.8	-190.0
210.8	-192.0
211.2	-190.0
211.2	-192.0
211.2	-194.0
211.6	-192.0
211.6	-194.0
211.6	-196.0
212.0	-194.0
212.0	-196.0
212.0	-198.0
212.4	-196.0
212.4	-198.0
212.4	-200.0
212.8	-198.0
212.8	-200.0
212.8	-202.0
213.2	-200.0
213.2	-202.0
213.2	-204.0
213.2	-206.0
213.6	-204.0
213.6	-206.0
213.6	-208.0
213.6	-210.0
214.0	-208.0
214.0	-210.0
214.0	-212.0
214.4	-208.0
214.4	-210.0
214.8	-208.0
214.8	-210.0
215.2	-208.0
215.2	-210.0
215.2	-212.0
215.6	-210.0
215.6	-212.0
216.0	-210.0
216.0	-212.0
216.4	-210.0
216.4	-212.0
216.4	-214.0
216.8	-212.0
216.8	-214.0
217.2	-212.0
217.2	-214.0
217.6	-212.0
217.6	-214.0
218.0	-212.0
218.0	-214.0
218.4	-212.0
218.4	-214.0
218.8	-208.0
218.8	-210.0
218.8	-212.0
218.8	-214.0
219.2	-204.0
219.2	-206.0
219.2	-208.0
219.2	-210.0
219.6	-204.0
219.6	-206.0
220.0	-202.0
220.0	-204.0
220.0	-206.0
220.4	-200.0
220.4	-202.0
220.4	-204.0
220.8	-198.0
220.8	-200.0
220.8	-202.0
221.2	-194.0
221.2	-196.0
221.2	-198.0
221.2	-200.0
221.6	-192.0
221.6	-194.0
221.6	-196.0
222.0	-190.0
222.0	-192.0
222.0	-194.0
222.4	-188.0
222.4	-190.0
222.4	-192.0
222.8	-186.0
222.8	-188.0
222.8	-190.0
223.2	-184.0
223.2	-186.0
223.2	-188.0
223.6	-180.0
223.6	-182.0
223.6	-184.0
223.6	-186.0
224.0	-176.0
224.0	-178.0
224.0	-180.0
224.0	-182.0
224.4	-174.0
224.4	-176.0
224.4	-178.0
224.8	-172.0
224.8	-174.0
224.8	-176.0
225.2	-168.0
225.2	-170.0
225.2	-172.0
225.2	-174.0
225.6	-164.0
225.6	-166.0
225.6	-168.0
225.6	-170.0
226.0	-162.0
226.0	-164.0
226.0	-166.0
226.4	-158.0
226.4	-160.0
226.4	-162.0
226.4	-164.0
226.8	-156.0
226.8	-158.0
226.8	-160.0
227.2	-152.0
227.2	-154.0
227.2	-156.0
227.2	-158.0
227.6	-148.0
227.6	-150.0
227.6	-152.0
227.6	-154.0
228.0	-144.0
228.0	-146.0
228.0	-148.0
228.0	-150.0
228.4	-140.0
228.4	-142.0
228.4	-144.0
228.4	-146.0
228.8	-136.0
228.8	-138.0
228.8	-140.0
228.8	-142.0
229.2	-134.0
229.2	-136.0
229.2	-138.0
229.6	-130.0
229.6	-132.0
229.6	-134.0
229.6	-136.0
230.0	-126.0
230.0	-128.0
230.0	-130.0
230.0	-132.0
230.4	-122.0
230.4	-124.0
230.4	-126.0
230.4	-128.0
230.8	-120.0
230.8	-122.0
230.8	-124.0
231.2	-116.0
231.2	-118.0
231.2	-120.0
231.2	-122.0
231.6	-110.0
231.6	-112.0
231.6	-114.0
231.6	-116.0
231.6	-118.0
232.0	-106.0
232.0	-108.0
232.0	-110.0
232.0	-112.0
232.4	-100.0
232.4	-102.0
232.4	-104.0
232.4	-106.0
232.4	-108.0
232.8	-98.0
232.8	-100.0
232.8	-102.0
233.2	-96.0
233.2	-98.0
233.2	-100.0
233.6	-90.0
233.6	-92.0
233.6	-94.0
233.6	-96.0
233.6	-98.0
234.0	-84.0
234.0	-86.0
234.0	-88.0
234.0	-90.0
234.0	-92.0
234.4	-78.0
234.4	-80.0
234.4	-82.0
234.4	-84.0
234.4	-86.0
234.8	-76.0
234.8	-78.0
234.8	-80.0
235.2	-76.0
235.2	-78.0
235.2	-80.0
235.2	-82.0
235.6	-68.0
235.6	-70.0
235.6	-72.0
235.6	-74.0
235.6	-76.0
235.6	-78.0
236.0	-62.0
236.0	-64.0
236.0	-66.0
236.0	-68.0
236.0	-70.0
236.4	-58.0
236.4	-60.0
236.4	-62.0
236.4	-64.0
236.8	-54.0
236.8	-56.0
236.8	-58.0
236.8	-60.0
237.2	-52.0
237.2	-54.0
237.2	-56.0
237.6	-46.0
237.6	-48.0
237.6	-50.0
237.6	-52.0
237.6	-54.0
238.0	-42.0
238.0	-44.0
238.0	-46.0
238.0	-48.0
238.4	-38.0
238.4	-40.0
238.4	-42.0
238.4	-44.0
238.8	-34.0
238.8	-36.0
238.8	-38.0
238.8	-40.0
239.2	-36.0
239.6	-24.0
239.6	-26.0
239.6	-28.0
239.6	-30.0
240.0	-20.0
240.0	-22.0
240.0	-24.0
240.0	-26.0
240.4	-14.0
240.4	-16.0
240.4	-18.0
240.4	-20.0
240.4	-22.0
240.8	-10.0
240.8	-12.0
240.8	-14.0
240.8	-16.0
241.2	-8.0
241.2	-10.0
241.2	-12.0
241.6	-4.0
241.6	-6.0
241.6	-8.0
241.6	-10.0
241.6	-12.0
242.0	0.0
242.0	-2.0
242.0	-4.0
242.0	-6.0
242.4	6.0
242.4	4.0
242.4	2.0
242.4	0.0
242.4	-2.0
242.8	12.0
242.8	10.0
242.8	8.0
242.8	6.0
242.8	4.0
243.2	18.0
243.2	16.0
243.2	14.0
243.2	12.0
243.2	10.0
243.6	22.0
243.6	20.0
243.6	18.0
243.6	16.0
244.0	28.0
244.0	26.0
244.0	24.0
244.0	22.0
244.0	20.0
244.4	32.0
244.4	30.0
244.4	28.0
244.4	26.0
244.8	36.0
244.8	34.0
244.8	32.0
244.8	30.0
245.2	40.0
245.2	38.0
245.2	36.0
245.2	34.0
245.6	44.0
245.6	42.0
245.6	40.0
245.6	38.0
246.0	50.0
246.0	48.0
246.0	46.0
246.0	44.0
246.0	42.0
246.4	56.0
246.4	54.0
246.4	52.0
246.4	50.0
246.4	48.0
246.8	58.0
246.8	56.0
246.8	54.0
247.2	62.0
247.2	60.0
247.2	58.0
247.2	56.0
247.6	64.0
247.6	62.0
247.6	60.0
248.0	70.0
248.0	68.0
248.0	66.0
248.0	64.0
248.0	62.0
248.4	76.0
248.4	74.0
248.4	72.0
248.4	70.0
248.4	68.0
248.8	80.0
248.8	78.0
248.8	76.0
248.8	74.0
249.2	84.0
249.2	82.0
249.2	80.0
249.2	78.0
249.6	88.0
249.6	86.0
249.6	84.0
249.6	82.0
250.0	92.0
250.0	90.0
250.0	88.0
250.0	86.0
250.4	96.0
250.4	94.0
250.4	92.0
250.4	90.0
250.8	98.0
250.8	96.0
250.8	94.0
251.2	104.0
251.2	102.0
251.2	100.0
251.2	98.0
251.2	96.0
251.6	110.0
251.6	108.0
251.6	106.0
251.6	104.0
251.6	102.0
252.0	112.0
252.0	110.0
252.0	108.0
252.4	116.0
252.4	114.0
252.4	112.0
252.4	110.0
252.8	120.0
252.8	118.0
252.8	116.0
252.8	114.0
253.2	124.0
253.2	122.0
253.2	120.0
253.2	118.0
253.6	128.0
253.6	126.0
253.6	124.0
253.6	122.0
254.0	132.0
254.0	130.0
254.0	128.0
254.0	126.0
254.4	134.0
254.4	132.0
254.4	130.0
254.8	138.0
254.8	136.0
254.8	134.0
254.8	132.0
255.2	142.0
255.2	140.0
255.2	138.0
255.2	136.0
255.6	146.0
255.6	144.0
255.6	142.0
255.6	140.0
256.0	150.0
256.0	148.0
256.0	146.0
256.0	144.0
256.4	154.0
256.4	152.0
256.4	150.0
256.4	148.0
256.8	156.0
256.8	154.0
256.8	152.0
257.2	160.0
257.2	158.0
257.2	156.0
257.2	154.0
257.6	162.0
257.6	160.0
257.6	158.0
258.0	166.0
258.0	164.0
258.0	162.0
258.0	160.0
258.4	170.0
258.4	168.0
258.4	166.0
258.4	164.0
258.8	174.0
258.8	172.0
258.8	170.0
258.8	168.0
259.2	178.0
259.2	176.0
259.2	174.0
259.2	172.0
259.6	180.0
259.6	178.0
259.6	176.0
260.0	180.0
260.0	178.0
260.4	182.0
260.4	180.0
260.4	178.0
260.8	186.0
260.8	184.0
260.8	182.0
260.8	180.0
261.2	190.0
261.2	188.0
261.2	186.0
261.2	184.0
261.6	192.0
261.6	190.0
261.6	188.0
262.0	194.0
262.0	192.0
262.0	190.0
262.4	196.0
262.4	194.0
262.4	192.0
262.8	198.0
262.8	196.0
262.8	194.0
263.2	200.0
263.2	198.0
263.2	196.0
263.6	202.0
263.6	200.0
263.6	198.0
264.0	202.0
264.0	200.0
264.4	202.0
264.4	200.0
264.4	198.0
264.8	204.0
264.8	202.0
264.8	200.0
265.2	206.0
265.2	204.0
265.2	202.0
265.6	204.0
265.6	202.0
265.6	200.0
266.0	202.0
266.0	200.0
266.4	202.0
266.4	200.0
266.8	204.0
266.8	202.0
266.8	200.0
267.2	204.0
267.2	202.0
267.6	204.0
267.6	202.0
268.0	204.0
268.0	202.0
268.4	204.0
268.4	202.0
268.4	200.0
268.8	202.0
268.8	200.0
269.2	202.0
269.2	200.0
269.2	198.0
269.6	200.0
269.6	198.0
269.6	196.0
270.0	198.0
270.0	196.0
270.0	194.0
270.4	196.0
270.4	194.0
270.8	196.0
270.8	194.0
271.2	196.0
271.2	194.0
271.2	192.0
271.2	190.0
271.6	192.0
271.6	190.0
271.6	188.0
272.0	190.0
272.0	188.0
272.0	186.0
272.4	188.0
272.4	186.0
272.8	188.0
272.8	186.0
272.8	184.0
272.8	182.0
272.8	180.0
273.2	182.0
273.2	180.0
273.2	178.0
273.2	176.0
273.6	178.0
273.6	176.0
274.0	178.0
274.0	176.0
274.0	174.0
274.4	176.0
274.4	174.0
274.4	172.0
274.8	174.0
274.8	172.0
274.8	170.0
274.8	168.0
275.2	170.0
275.2	168.0
275.2	166.0
275.2	164.0
275.6	166.0
275.6	164.0
275.6	162.0
275.6	160.0
276.0	162.0
276.0	160.0
276.0	158.0
276.4	160.0
276.4	158.0
276.4	156.0
276.4	154.0
276.8	156.0
276.8	154.0
276.8	152.0
276.8	150.0
276.8	148.0
277.2	150.0
277.2	148.0
277.2	146.0
277.6	148.0
277.6	146.0
277.6	144.0
277.6	142.0
278.0	144.0
278.0	142.0
278.0	140.0
278.0	138.0
278.0	136.0
278.4	138.0
278.4	136.0
278.4	134.0
278.8	136.0
278.8	134.0
278.8	132.0
278.8	130.0
279.2	132.0
279.2	130.0
279.2	128.0
279.2	126.0
279.6	128.0
279.6	126.0
279.6	124.0
280.0	126.0
280.0	124.0
280.0	122.0
280.0	120.0
280.0	118.0
280.4	120.0
280.4	118.0
280.4	116.0
280.8	118.0
280.8	116.0
280.8	114.0
280.8	112.0
280.8	110.0
281.2	112.0
281.2	110.0
281.2	108.0
281.2	106.0
281.6	106.0
281.6	104.0
